# Frame list with one line of data per frame:
#   FRAME_ID, RIG_ID, RIG_FROM_WORLD[QW, QX, QY, QZ, TX, TY, TZ], NUM_DATA_IDS, DATA_IDS[] as (SENSOR_TYPE, SENSOR_ID, DATA_ID)
# Number of frames: 77
1 1 0.99948076749981363 -0.0091156794572892653 -0.0091705797931257872 0.029512713400727461 0.019704370637168803 -5.2961266365718629 -1.5301625066332905 1 CAMERA 1 1
2 1 0.99949348226793411 -0.0078787586485340212 -0.0092278305414264013 0.029420251691239494 0.0188413064145878 -5.148249607701632 -1.5067365460114983 1 CAMERA 1 2
3 1 0.9995033565157041 -0.006780357284513555 -0.0092478684926359436 0.029352069727338868 0.019381066145691708 -5.0203355277365249 -1.486796397114174 1 CAMERA 1 3
4 1 0.9995124430055039 -0.0053990318376307732 -0.0092757375312280902 0.029320426764243918 0.021340555877785491 -4.852137342999316 -1.4531900108167408 1 CAMERA 1 4
5 1 0.99951735380386353 -0.0043574647034580211 -0.0093165543420155421 0.029313371717917418 0.022597213966940567 -4.7299200834201471 -1.4297769429420384 1 CAMERA 1 5
6 1 0.99952363234198438 -0.0034477092924630271 -0.0093110296063450837 0.029222019406434489 0.024133006862753392 -4.6228203205275715 -1.4079847373049623 1 CAMERA 1 6
7 1 0.99952943432328478 -0.0023595750633861549 -0.0092500694561926302 0.029150961252594212 0.021989685438284761 -4.4961060311691812 -1.3795084616005673 1 CAMERA 1 7
8 1 0.99953357678770693 -0.0014243829861155088 -0.0092038507079726592 0.029084173346123877 0.015466499783557026 -4.3915931106982331 -1.3576144716433736 1 CAMERA 1 8
9 1 0.99953329677029479 -0.00040581388881005023 -0.0091949367085521205 0.029128630271936559 0.013039651789949636 -4.2718658841899488 -1.3319095702669803 1 CAMERA 1 9
10 1 0.9995331866094519 0.00068082523142994804 -0.0091609118392015163 0.029137999890749909 0.0035705848824582019 -4.1477168269731148 -1.3084881122762573 1 CAMERA 1 10
11 1 0.99953251967885215 0.0015938159864135888 -0.0091626210530200737 0.029124701380191954 -0.00099614387110085975 -4.0402826173641015 -1.2833360208289426 1 CAMERA 1 11
12 1 0.99953067133775342 0.0025852483675604895 -0.0091746728157332917 0.029113208766853159 -0.0040114132497618164 -3.917975081190094 -1.2535244325435329 1 CAMERA 1 12
13 1 0.9995285855122521 0.004034136452967579 -0.0091564227454613897 0.029025719792312516 -0.010719297368910042 -3.7474314084392888 -1.2131098843153409 1 CAMERA 1 13
14 1 0.99952423807593083 0.0050357875807471517 -0.0091593539872376027 0.029018004354330169 -0.01400015640832207 -3.6317505285581948 -1.181767319305264 1 CAMERA 1 14
15 1 0.99951527614430358 0.006529176086301056 -0.0091697739242334441 0.029025813683498592 -0.017500869658999649 -3.4634036259880068 -1.1358512199703126 1 CAMERA 1 15
16 1 0.99950903559318627 0.0075924861478400699 -0.0091850223030300153 0.028977185628812217 -0.021674603022079485 -3.3462062274690854 -1.105995081274757 1 CAMERA 1 16
17 1 0.99950335459956585 0.0085337271826195805 -0.0091951818301282424 0.028907927557995379 -0.023617179105586542 -3.2396842121017393 -1.0726351936955794 1 CAMERA 1 17
18 1 0.99949421751262002 0.0095205434383948268 -0.0091832477600146869 0.028919480839933877 -0.025938407833073395 -3.1250836921413949 -1.0384705045747429 1 CAMERA 1 18
19 1 0.99948233995223656 0.010605830699768093 -0.0091473539950652372 0.028963673690654834 -0.028803622136162107 -3.0011355428005801 -1.0041121740712819 1 CAMERA 1 19
20 1 0.99947297747677999 0.011496879992888984 -0.0091421141519369559 0.028948416070006238 -0.027505139524885001 -2.8968699735391503 -0.97592768170795563 1 CAMERA 1 20
21 1 0.99946109626863999 0.012448063922449692 -0.0091485025272409568 0.028963212038376509 -0.029051837506159653 -2.7820622274263931 -0.94544203937074656 1 CAMERA 1 21
22 1 0.99944409031412607 0.013864504026879491 -0.0091892229409520181 0.028893667922212669 -0.026599129430276619 -2.6173876078778213 -0.89819918655815545 1 CAMERA 1 22
23 1 0.99942999372338281 0.014907198145744606 -0.0091863100309310958 0.028863035140783949 -0.026728559022661368 -2.4945998280389223 -0.86630503232194833 1 CAMERA 1 23
24 1 0.99940590227410764 0.016340606816940276 -0.0092178823821955445 0.028911203934103701 -0.024327369644793231 -2.3240270138117203 -0.81522768080837693 1 CAMERA 1 24
25 1 0.99939016664635871 0.017313519538832339 -0.0092527357816959577 0.028877737658900095 -0.022634306947547048 -2.2109275960476373 -0.78414575339984427 1 CAMERA 1 25
26 1 0.99937500100649779 0.018246368562822076 -0.0092620667208290243 0.028825188942850577 -0.024633270964194157 -2.1031710393137089 -0.75300519435852931 1 CAMERA 1 26
27 1 0.99935764683104578 0.019202367697162648 -0.0092706072998041521 0.028803101142595159 -0.025625838899246453 -1.9853762488712809 -0.71608822945819584 1 CAMERA 1 27
28 1 0.99933838699050148 0.020212009488861989 -0.009285256876629594 0.028775805190818435 -0.024950136070965915 -1.8691810002755194 -0.68114783524820433 1 CAMERA 1 28
29 1 0.99931642309863045 0.021347026753914315 -0.0093064298564837881 0.028712041680333193 -0.025022584043362731 -1.7364781714557302 -0.6380639098783476 1 CAMERA 1 29
30 1 0.99927960839217633 0.022975793523592473 -0.0092876676696642072 0.028742240566764797 -0.024934950047742557 -1.5427144832025852 -0.56709808716000465 1 CAMERA 1 30
31 1 0.9992554775655591 0.024009147540981483 -0.0093032392404411753 0.028731535448301596 -0.024616156970939197 -1.4285497198480201 -0.53194603963671161 1 CAMERA 1 31
32 1 0.99922940420367146 0.025025317003573435 -0.0093604703739177571 0.028752615151068379 -0.022140307331790243 -1.3093890451195926 -0.48878267978825229 1 CAMERA 1 32
33 1 0.99919779284800314 0.026268411426021609 -0.0094095177883411485 0.028726334674358873 -0.020365760062218193 -1.1625606210701844 -0.44384221580201649 1 CAMERA 1 33
34 1 0.99915817749835845 0.027726350257860834 -0.0094263919806287406 0.028728539360100752 -0.014735243126051838 -0.99603952545773633 -0.38241756132324839 1 CAMERA 1 34
35 1 0.99913218768739842 0.028698643813507826 -0.0094493123137439315 0.028670016865293232 -0.015607732604600707 -0.8892206342852863 -0.34770012412714174 1 CAMERA 1 35
36 1 0.99910270154516201 0.029728587353526223 -0.0093925212021317064 0.028666764808573653 -0.018628602658064555 -0.76326635998997572 -0.30184926384439503 1 CAMERA 1 36
37 1 0.99906154235948841 0.031035043554946292 -0.0094041496190451213 0.028712760573748265 -0.015063623256332367 -0.60873814547813498 -0.24832706923982956 1 CAMERA 1 37
38 1 0.99900113602981866 0.032910182611403431 -0.0094478183693814284 0.028712171977665742 -0.017215966333136091 -0.38493436096612177 -0.16511498212666798 1 CAMERA 1 38
39 1 0.99895300498128081 0.034380619617337141 -0.0094681572584944182 0.0286569508448783 -0.01605560515989761 -0.21079998707307604 -0.096407303093612617 1 CAMERA 1 39
40 1 0.99890506121782385 0.035726584019766035 -0.0095143685964924358 0.028666472714725992 -0.011425169203826715 -0.054140014945024753 -0.028334091842533573 1 CAMERA 1 40
41 1 0.99886772467337936 0.036760785247104522 -0.009538334528858973 0.028651936204350477 -0.0099489343062092329 0.064608645243568408 0.017112850686613022 1 CAMERA 1 41
42 1 0.99881792311004014 0.038105544088898879 -0.0095855037210806036 0.028615417212547335 -0.006296181684852584 0.22180488994005357 0.088921148862053392 1 CAMERA 1 42
43 1 0.99878088817883415 0.03907448862332643 -0.0096336852577241089 0.028585203443038307 -0.0035543874392419262 0.33963174662845647 0.14066148833812581 1 CAMERA 1 43
44 1 0.99872875342701795 0.040428903658995229 -0.0096274212885167666 0.028525314834018312 -0.0015915594309505101 0.49775900520630584 0.20590457075585464 1 CAMERA 1 44
45 1 0.99867151855181813 0.041819874959713801 -0.0096567254459153668 0.028513921957908032 0.0056991587638720075 0.65815326576148903 0.28080772445267999 1 CAMERA 1 45
46 1 0.99861157073600049 0.043245855435675225 -0.0097049884984338614 0.028469983808564248 0.0108687164685848 0.82189014114222592 0.3518819662491896 1 CAMERA 1 46
47 1 0.99854980749914046 0.044649137049396825 -0.0097114782132386498 0.028467941532318804 0.0074420731268226015 0.98457071045261468 0.4205512877812092 1 CAMERA 1 47
48 1 0.99848422025240458 0.046146468757989126 -0.0097324811352708582 0.028373299756413093 0.0084952465759138406 1.1591775311772377 0.48606845225553319 1 CAMERA 1 48
49 1 0.99842164672777978 0.047494792540083652 -0.0097914832677612786 0.028329964390734156 0.011207590250144759 1.3157050396438776 0.5510734363485944 1 CAMERA 1 49
50 1 0.99833060305223476 0.049386067721296903 -0.0098573682559369054 0.028281718750026077 0.015120504750142703 1.5372531996707566 0.63708121676837315 1 CAMERA 1 50
51 1 0.99827817753233872 0.05042540497514187 -0.009894627326015374 0.028285246081389121 0.016706159957920432 1.6535547661420882 0.69007898639550003 1 CAMERA 1 51
52 1 0.99820960705970752 0.05179238022715673 -0.009956885636064141 0.028213297441816498 0.017709891461275402 1.8080388271259218 0.75329689624401874 1 CAMERA 1 52
53 1 0.99812773419724599 0.053359506851049426 -0.01002103561347289 0.028166790731606564 0.02441094386493306 1.9841169791122499 0.83111469826475748 1 CAMERA 1 53
54 1 0.99805736107684973 0.054691447343231225 -0.01007863328608114 0.028085062558276204 0.03096877159037521 2.1341746136158291 0.89455127099480336 1 CAMERA 1 54
55 1 0.99795173434876527 0.056593080084677436 -0.01013118809112467 0.028052062752728115 0.039990585991044388 2.3517011039332405 0.99672574403799685 1 CAMERA 1 55
56 1 0.99784475055972366 0.058457156390219152 -0.010146903168097623 0.028029538049522039 0.040320152031927757 2.5591862188352095 1.1023259115735879 1 CAMERA 1 56
57 1 0.99778349799754673 0.059493058540022022 -0.010080503565243013 0.028054421348594035 0.034287892064034889 2.6732926663754779 1.1623123761529377 1 CAMERA 1 57
58 1 0.99766766760683312 0.061396721117550714 -0.010055957440163922 0.028081049978888623 0.033108683305623991 2.8782861605450472 1.2781280394449239 1 CAMERA 1 58
59 1 0.99755563331771657 0.063206041177220854 -0.0099823142433755133 0.02807326481083925 0.023021731437063705 3.0829644364658217 1.4000834602074277 1 CAMERA 1 59
60 1 0.99746145614826576 0.064658650755406957 -0.0099863905484709435 0.028110040641826432 0.018541337347121954 3.2425043243053375 1.4912944191155801 1 CAMERA 1 60
61 1 0.99737388266373994 0.065980125607406515 -0.0099769860399675191 0.028149972551421747 0.019360760761957273 3.3907924162293823 1.586447137376902 1 CAMERA 1 61
62 1 0.99725049708272351 0.067823381327155527 -0.0099881672575796721 0.028136658089523415 0.021321404118290813 3.5903493394417629 1.7090399401958416 1 CAMERA 1 62
63 1 0.9971383964630236 0.069443385779078479 -0.01002685468647717 0.028144211763424205 0.023739606483699872 3.7725972432493333 1.8220021977548793 1 CAMERA 1 63
64 1 0.9970577930817105 0.070586763782469239 -0.010038179205567075 0.028151394139262577 0.0256331832645047 3.897988831981805 1.8992279318197816 1 CAMERA 1 64
65 1 0.99692563813711721 0.072441891120616692 -0.010073500055714356 0.028106387750792879 0.031780369265195965 4.1011155063717322 2.023025523816266 1 CAMERA 1 65
66 1 0.99681986261664046 0.073877113134613662 -0.010100343576731646 0.02811257205361048 0.03776501882706567 4.2568156718561374 2.1195630263186818 1 CAMERA 1 66
67 1 0.99672256708535101 0.075180225249292645 -0.010091482958926411 0.028110851391290052 0.038590804889141413 4.4039322759879393 2.2066446418386816 1 CAMERA 1 67
68 1 0.9966459141267533 0.076183579671868104 -0.010123049840677517 0.028115972413413161 0.044286269972107932 4.5141635010253811 2.2742138527540381 1 CAMERA 1 68
69 1 0.99655156596148242 0.077392342740037284 -0.01014550696708948 0.028150849957088702 0.044835593622686708 4.6565770258512318 2.3538488506490589 1 CAMERA 1 69
70 1 0.99644218299533349 0.0787824362962085 -0.010186020064805342 0.02815224101146413 0.051625697111130936 4.8140624560189398 2.453875453560824 1 CAMERA 1 70
71 1 0.99629434327583544 0.080635913455676 -0.010279256510994109 0.028102809527193854 0.057999896323720539 5.018532988367931 2.5802077210668068 1 CAMERA 1 71
72 1 0.99615108975456002 0.082375139095117594 -0.010383158081661929 0.02809862751299378 0.066666281700320795 5.21010161213092 2.7085409780717882 1 CAMERA 1 72
73 1 0.99599874753219131 0.084186989838822904 -0.010467788998592426 0.02809752746533397 0.076294970916959387 5.4061464511890751 2.833280923267905 1 CAMERA 1 73
74 1 0.99588125545700301 0.08556694088634835 -0.010608488907091439 0.028040749273938827 0.086488098235965927 5.559399687540922 2.9300548295007336 1 CAMERA 1 74
75 1 0.99576428765197456 0.086907342121505624 -0.010721814631832199 0.028029270652872508 0.099853449331960373 5.7113523407005236 3.0277722761204884 1 CAMERA 1 75
76 1 0.99561335994621702 0.08862996729849662 -0.01079405058513086 0.027968819518131981 0.10703943717311003 5.9033984657459593 3.1464449408406931 1 CAMERA 1 76
77 1 0.99548673299503332 0.090058510735403136 -0.010832970699198171 0.027897595251683983 0.11122555059552601 6.0657370906961283 3.2392834229883727 1 CAMERA 1 77
