# Frame list with one line of data per frame:
#   FRAME_ID, RIG_ID, RIG_FROM_WORLD[QW, QX, QY, QZ, TX, TY, TZ], NUM_DATA_IDS, DATA_IDS[] as (SENSOR_TYPE, SENSOR_ID, DATA_ID)
# Number of frames: 48
1 1 0.99701979877527314 -0.011343128282256341 0.072307121409452502 -0.024383077827972544 -5.8865504983446666 -0.18259657391362835 0.83773669988695643 1 CAMERA 1 1
2 1 0.99717813233833763 -0.011249435160274957 0.069963437282518234 -0.024785883853817501 -5.5850146046858438 -0.17236383735430147 0.78774941419522726 1 CAMERA 1 2
3 1 0.9972884595308894 -0.011178874520851116 0.068282377617528145 -0.025065477411174542 -5.3702561092364416 -0.1644046256074283 0.75025923832247132 1 CAMERA 1 3
4 1 0.99743961588851016 -0.011094257225411588 0.06590222886025468 -0.025456361563438615 -5.0686187472194124 -0.15486971523063375 0.69852736569510043 1 CAMERA 1 4
5 1 0.99754197476334727 -0.011032260420285774 0.064233044656771737 -0.025737400594887199 -4.8556597691844425 -0.14716065598754058 0.66515234576980453 1 CAMERA 1 5
6 1 0.99768028239350426 -0.010945378084538665 0.061905265924101067 -0.026114954962061565 -4.5594188031658165 -0.13797077075774511 0.61643563440535198 1 CAMERA 1 6
7 1 0.99777521740314201 -0.01089323460420902 0.060234294207598439 -0.026415578306802114 -4.3459238322999507 -0.13137216545462399 0.58060070440003886 1 CAMERA 1 7
8 1 0.99790541327553428 -0.010812683087379487 0.057862464925121759 -0.026829222736152843 -4.0451408176121184 -0.1222693329079827 0.53535409341576234 1 CAMERA 1 8
9 1 0.99799606141007868 -0.01075293349003832 0.056157243060974658 -0.027103503152178604 -3.8320247182324074 -0.11628463038775672 0.50383359253034077 1 CAMERA 1 9
10 1 0.99811599389396899 -0.01065504299409512 0.053798112723258712 -0.027508105337592265 -3.538241258361325 -0.10665490866529026 0.46246495402832716 1 CAMERA 1 10
11 1 0.99819724873250326 -0.010607197132633701 0.052121266529503441 -0.027804919838244742 -3.3282233764306568 -0.10116263088898733 0.43204389409576782 1 CAMERA 1 11
12 1 0.99830838562307789 -0.010505849075369923 0.049742094428829237 -0.028208480492276599 -3.032329571064051 -0.091576511802587759 0.39121231190934991 1 CAMERA 1 12
13 1 0.99838295409901223 -0.01044833374344434 0.048065683440262887 -0.028495602501716101 -2.8242310553381293 -0.08556796375373639 0.36560313147010004 1 CAMERA 1 13
14 1 0.99848320711161787 -0.010364162511940618 0.045691736375225188 -0.028915990014889179 -2.5318351867583995 -0.077620464720544957 0.3262992356320315 1 CAMERA 1 14
15 1 0.99855277840439416 -0.010297676353295272 0.043973558280952077 -0.029199876278838507 -2.3201491063435165 -0.071294391986084324 0.3010552506645493 1 CAMERA 1 15
16 1 0.99864354048072501 -0.010216095871807353 0.041592093390700934 -0.029610947445832588 -2.0293990159950916 -0.062559202542464637 0.26487164266082247 1 CAMERA 1 16
17 1 0.99870410408013999 -0.01016171975120039 0.039908006829479384 -0.029903226181824161 -1.8220526117564002 -0.05680507333316509 0.24015180419671536 1 CAMERA 1 17
18 1 0.99878426110425667 -0.010091756373071624 0.037529400734208136 -0.030326561035861663 -1.5324785835741028 -0.04927952110606356 0.20821077548330036 1 CAMERA 1 18
19 1 0.99883984266434478 -0.010024044716287822 0.035784676724508614 -0.030625873791868888 -1.321951245557299 -0.042802230560530341 0.18349017783379692 1 CAMERA 1 19
20 1 0.99891051636251726 -0.0099448800661076208 0.033409652278190059 -0.031027001071492019 -1.0385942134469488 -0.035780992649947732 0.15383406397731048 1 CAMERA 1 20
21 1 0.99895850979700473 -0.009881044580906757 0.031686687032340857 -0.031308377905157711 -0.83263592800079278 -0.030456529927569739 0.1347364115706137 1 CAMERA 1 21
22 1 0.99902153832308238 -0.0098097394098821539 0.02921694448181418 -0.031719160367813408 -0.54433709519785545 -0.025035520962071602 0.11005469078628577 1 CAMERA 1 22
23 1 0.99906202679702383 -0.0097362406875951442 0.027495275144487491 -0.032004407106289191 -0.34231972224589086 -0.018658817492205035 0.091505155841072397 1 CAMERA 1 23
24 1 0.99911226947215404 -0.0096453301808173218 0.025078932385032778 -0.032445149812134588 -0.058198322609597598 -0.010503348187006687 0.068890080576495816 1 CAMERA 1 24
25 1 0.9991455569929627 -0.0095930194988870753 0.02332561832580209 -0.032742105122234272 0.14655135968082736 -0.0069328926132709552 0.051555229755850189 1 CAMERA 1 25
26 1 0.99918693055047314 -0.0095051257321779135 0.020822904645927176 -0.033189411625486283 0.4342871083956194 -0.00014412101774339108 0.034705889973293935 1 CAMERA 1 26
27 1 0.9992123576113302 -0.0094326837268918339 0.01912702470185567 -0.033464097187439243 0.63221009345172641 0.0050956342839413261 0.018757938992176208 1 CAMERA 1 27
28 1 0.99923976601254805 -0.0093382231147271372 0.016839302429588771 -0.033898753692910254 0.90493792681148888 0.013081167230216481 0.01006288958947428 1 CAMERA 1 28
29 1 0.99925702047396103 -0.009287549328687068 0.015257949585412305 -0.03415177060443518 1.1049361979900112 0.016385463592396884 -0.0014197604705969444 1 CAMERA 1 29
30 1 0.99927461019803276 -0.0091987498487002533 0.013226014564859188 -0.03450665085922823 1.376814493083097 0.022914877269178433 -0.01690369824698907 1 CAMERA 1 30
31 1 0.99928414081623573 -0.0091528862560803503 0.011861694717021115 -0.034738030813230632 1.569897295045281 0.025797863346276838 -0.027269271994822965 1 CAMERA 1 31
32 1 0.99929436235904878 -0.0090617766943032439 0.009956590347074341 -0.035064624184857458 1.8382502673228411 0.032027842981119679 -0.03443224489702279 1 CAMERA 1 32
33 1 0.99929898728145583 -0.0090179294894539592 0.0086091707901715404 -0.035300044536601613 2.0274776388952169 0.034818412948838057 -0.043006609703042598 1 CAMERA 1 33
34 1 0.99930156246088153 -0.0089653119223934707 0.006688665041982675 -0.03565490436575839 2.295218704310062 0.038190074898413758 -0.058294021867305583 1 CAMERA 1 34
35 1 0.9993009132044286 -0.0089266508063771729 0.0053323642608425941 -0.035910523047791035 2.4862945025516714 0.041160161918316791 -0.066860477484483941 1 CAMERA 1 35
36 1 0.99929930666939837 -0.0088434445978169025 0.0034713804415336968 -0.036202744309447664 2.7431383210527454 0.04680674483507561 -0.075098545350156948 1 CAMERA 1 36
37 1 0.99929438663748582 -0.0088052391817328868 0.0020968079556666591 -0.036452709009901614 2.9310727296425649 0.048186197102012295 -0.084168522855877045 1 CAMERA 1 37
38 1 0.9992844767445932 -0.008738151625145036 0.0002114258880795583 -0.036798567126376455 3.1899326917119484 0.050730494526371926 -0.093561982434411287 1 CAMERA 1 38
39 1 0.99927560401161108 -0.0086827000747797829 -0.0011567300893547186 -0.03703430736683961 3.3746055466121976 0.051519745162498805 -0.1000541455854944 1 CAMERA 1 39
40 1 0.99924786894979667 -0.0085543967669997126 -0.0043483850326984357 -0.037571401928195622 3.807428340874123 0.054569542374225961 -0.1057455241016908 1 CAMERA 1 40
41 1 0.99922523499239668 -0.0084961656388771317 -0.0062455484804028885 -0.037917516374434183 4.0635160887355513 0.053355143662651865 -0.1199394040392934 1 CAMERA 1 41
42 1 0.99920913307558579 -0.0084538587361624624 -0.0076067553550109544 -0.038102203660346459 4.24185433549812 0.052637399755426778 -0.1210776311912638 1 CAMERA 1 42
43 1 0.9991230536802066 -0.0082604387239122428 -0.012689878452809668 -0.039036594903759887 4.9183390342765687 0.053293240766195508 -0.13047093925532099 1 CAMERA 1 43
44 1 0.99909582658643048 -0.0082186886145029468 -0.014051970614360016 -0.039274986656754267 5.0956048407744916 0.052128661525677404 -0.13382880586669846 1 CAMERA 1 44
45 1 0.99883535998924367 -0.0078584428197118507 -0.024115373462803909 -0.041044089396123216 6.4132611181030068 0.038438877823291868 -0.14034089210172235 1 CAMERA 1 45
46 1 0.99856876454103627 -0.0075754734974741722 -0.031768032922130991 -0.042353592156226416 7.3970812469079963 0.030715571935730213 -0.11388165843673856 1 CAMERA 1 46
47 1 0.99823865657904509 -0.0072982999042527832 -0.039467343554400902 -0.043688077578784547 8.3595357126545231 0.026456931152846731 -0.069766445501836596 1 CAMERA 1 47
48 1 0.99799002522880842 -0.0071194977414708151 -0.044487991323015667 -0.044565019059290313 8.9794116777311874 0.025253649430586028 -0.030887176403878711 1 CAMERA 1 48
