# Frame list with one line of data per frame:
#   FRAME_ID, RIG_ID, RIG_FROM_WORLD[QW, QX, QY, QZ, TX, TY, TZ], NUM_DATA_IDS, DATA_IDS[] as (SENSOR_TYPE, SENSOR_ID, DATA_ID)
# Number of frames: 130
1 1 0.99778504504385168 -0.045819113673093007 0.039924887571397512 -0.027048402197956883 -1.9259411469674537 -0.71996867055392066 3.6797405652136366 1 CAMERA 1 1
2 1 0.99780808951852806 -0.045367328529290006 0.039929306331866157 -0.026953153606888693 -1.9258596434030619 -0.72361925353633938 3.6791073506128216 1 CAMERA 1 2
3 1 0.9978318277713546 -0.044834758571321486 0.039942225521686442 -0.026946363960723991 -1.9258939464305302 -0.72748536114681384 3.6783227725526868 1 CAMERA 1 3
4 1 0.99785653274170871 -0.044165932592748459 0.040027369268793515 -0.027009631103140658 -1.9255660776929659 -0.73204380195002494 3.677586218944314 1 CAMERA 1 4
5 1 0.9978926726882732 -0.043193420021337581 0.040137281951435129 -0.027083959449573466 -1.9252989188620979 -0.73842890648076909 3.6791180658110294 1 CAMERA 1 5
6 1 0.99794610130493389 -0.042024186716775158 0.039986591797202417 -0.027177547673038947 -1.9267435312178185 -0.74676786616114799 3.6740220497992291 1 CAMERA 1 6
7 1 0.99798278181332378 -0.041035181278193056 0.040009897054270591 -0.027307311096340131 -1.9271920828538678 -0.75301648388243525 3.675295239785723 1 CAMERA 1 7
8 1 0.99799612701557017 -0.040592570999542096 0.040153708069860586 -0.027270008614033909 -1.9260821653343494 -0.75675544719749177 3.6724287629745973 1 CAMERA 1 8
9 1 0.99802506610967212 -0.039698550586595785 0.04035507248569592 -0.02722977456355901 -1.9248019303346793 -0.7611066395044529 3.6721655191937299 1 CAMERA 1 9
10 1 0.99804930181338869 -0.039119255740576328 0.040405097996427462 -0.027105406029238173 -1.9243552573159941 -0.76797209746947181 3.6708822552783902 1 CAMERA 1 10
11 1 0.9980760345124815 -0.038423911368446466 0.040491023419171837 -0.026987207885548502 -1.9237051227215001 -0.77346838159877818 3.6700503652360497 1 CAMERA 1 11
12 1 0.99810009767501018 -0.037831043418501714 0.040517112169344123 -0.026895553470033338 -1.9235056090220028 -0.77810515872132036 3.6691736111924689 1 CAMERA 1 12
13 1 0.99811299112559571 -0.037419656701659761 0.040655027238113803 -0.026784230414833309 -1.9224076623487591 -0.78152474064562749 3.669027302669766 1 CAMERA 1 13
14 1 0.99812319156565321 -0.037171069111449261 0.04072700098711779 -0.026640523089865305 -1.9216835685597762 -0.78390339192039582 3.6689189207442046 1 CAMERA 1 14
15 1 0.99811607772420197 -0.037105416385448849 0.041001812370855914 -0.026576960804848296 -1.9195883494333259 -0.78464554152031063 3.6698779258210834 1 CAMERA 1 15
16 1 0.99809636048006178 -0.037137141342347316 0.041509826033114455 -0.026484377887233942 -1.9157118889772777 -0.7848217910399361 3.6718710323229575 1 CAMERA 1 16
17 1 0.99818256630909297 -0.037660394438987312 0.038919379304165967 -0.026429924742070607 -1.897057330338296 -0.78798096333718659 3.6734754101492486 1 CAMERA 1 17
18 1 0.99822333255954643 -0.03710029523611922 0.038388987860549707 -0.026458118567815183 -1.8917199482156457 -0.78458826960816397 3.6718663173582389 1 CAMERA 1 18
19 1 0.99820833906565276 -0.037340297730775941 0.038581677308563364 -0.026405835741853841 -1.8908158801721264 -0.78543996889592793 3.6768996360501558 1 CAMERA 1 19
20 1 0.99823714756265391 -0.037400381416019417 0.037776016459885833 -0.026396614865072662 -1.8869210943174075 -0.78528275833383476 3.674056329568034 1 CAMERA 1 20
21 1 0.99822381671322702 -0.037533520011612732 0.037632320149715216 -0.026911988075301835 -1.8888763220059634 -0.7822016176963541 3.6737427068928814 1 CAMERA 1 21
22 1 0.99822941465399861 -0.037664105085709068 0.037134233917892001 -0.027212121912103957 -1.888867450610036 -0.78037110642495389 3.6725554190942225 1 CAMERA 1 22
23 1 0.99820675368251033 -0.037994101338799297 0.037177440599457559 -0.027523863765012504 -1.8882006657257016 -0.77738673466576036 3.6742711399877797 1 CAMERA 1 23
24 1 0.99820139858217793 -0.038736956847239407 0.036404885519353558 -0.027714623452642598 -1.8806063771157606 -0.77597533620230641 3.6642263875838132 1 CAMERA 1 24
25 1 0.99819918948028652 -0.038807745956285514 0.036164064494539717 -0.028008880983118097 -1.8712320941566927 -0.77149978149120979 3.6560741678806035 1 CAMERA 1 25
26 1 0.9982061820194974 -0.038631379742027586 0.035973302044291437 -0.028248118827904744 -1.8553196070285078 -0.76208350300266681 3.6354275229425044 1 CAMERA 1 26
27 1 0.99815258411860752 -0.04017838295088428 0.035681318390853888 -0.028354186263916833 -1.8352698927800777 -0.76116893466962132 3.6212080942377876 1 CAMERA 1 27
28 1 0.99814726686119482 -0.040664059873295542 0.03512361342023735 -0.028544696047664006 -1.8123999126225445 -0.75308333834433716 3.603919277128977 1 CAMERA 1 28
29 1 0.99813630838858336 -0.041111852670807497 0.034697779152729098 -0.028806068253981482 -1.7848886529451518 -0.74346895468374286 3.5888230548016637 1 CAMERA 1 29
30 1 0.9980955646984595 -0.042158592646224541 0.034327998699111788 -0.029145931116827895 -1.7537967943611228 -0.73197439902496597 3.566629851742777 1 CAMERA 1 30
31 1 0.99807436092550661 -0.042514409253474113 0.03382987836426965 -0.029927151532152925 -1.7222169959079601 -0.71536134998804235 3.5427287168741599 1 CAMERA 1 31
32 1 0.99802273708259681 -0.04352582095842189 0.033184354389402627 -0.030901744284358726 -1.6902975085338918 -0.70516641993124229 3.5166784008016569 1 CAMERA 1 32
33 1 0.99785383670813788 -0.046068311797194818 0.033761960929375834 -0.032024384603122832 -1.6682493020795299 -0.69955769396922229 3.4919691102685548 1 CAMERA 1 33
34 1 0.99785074745438018 -0.046517921087680596 0.031946878940357276 -0.033307142603131105 -1.6365849576568718 -0.68089073730306526 3.4544181473337763 1 CAMERA 1 34
35 1 0.99775916335954051 -0.04818019724627106 0.031076736372093676 -0.034489954796135751 -1.609256544866001 -0.66319604305211122 3.3965473679913458 1 CAMERA 1 35
36 1 0.99769005780864783 -0.049661484280044521 0.029764427410050504 -0.035529767658005612 -1.5871432416351747 -0.64843001493271391 3.3395248682040983 1 CAMERA 1 36
37 1 0.99765269173023374 -0.050483909042974902 0.027837281139058912 -0.036953584263841523 -1.5697960503179016 -0.63175408809157962 3.2601712596369938 1 CAMERA 1 37
38 1 0.99759629676019546 -0.051563699727014495 0.025816534953127416 -0.038422910923307581 -1.5505005375183118 -0.61598706993557739 3.1632389265140666 1 CAMERA 1 38
39 1 0.99756219720285189 -0.052166008696409701 0.023196316567998639 -0.040128557738621493 -1.5288207390324946 -0.60296566071323066 3.052961326315859 1 CAMERA 1 39
40 1 0.99755617614068604 -0.052181131149863391 0.019916176646484721 -0.041977981172030179 -1.5042778836112431 -0.58909979269414359 2.947618485364877 1 CAMERA 1 40
41 1 0.99753968878420207 -0.052479422266419017 0.016474489819169099 -0.043463441236265561 -1.4831359199191214 -0.56204314728072313 2.8018175327393942 1 CAMERA 1 41
42 1 0.99753723601713673 -0.052626405570293903 0.012397163716003466 -0.044679240457296446 -1.4662561238862786 -0.53284867065022634 2.6601289987153134 1 CAMERA 1 42
43 1 0.99754865074963839 -0.052198295496477982 0.007257494091844059 -0.046036465050491381 -1.452451013059453 -0.51409034928144015 2.5441466853719921 1 CAMERA 1 43
44 1 0.99756294149222213 -0.05122240827800819 0.001220250070338436 -0.047359831517355254 -1.4350049657373865 -0.49501565849627271 2.4136416173352173 1 CAMERA 1 44
45 1 0.9975223038942701 -0.050514023608062696 -0.0056141597703973332 -0.048642243600229229 -1.4147656260024908 -0.47505675790774449 2.2773766426729054 1 CAMERA 1 45
46 1 0.99741661701111395 -0.049477745435209046 -0.01374305052343563 -0.050231199259660637 -1.3887156245210861 -0.4580822018869497 2.1508087683208399 1 CAMERA 1 46
47 1 0.99723441434683613 -0.047977516704120787 -0.022282631355058539 -0.052203113634371225 -1.3552797379201933 -0.44017294735237544 2.0232990632231522 1 CAMERA 1 47
48 1 0.99690053324923678 -0.046975870402732586 -0.031568794443832246 -0.054644355835311749 -1.3116713937868647 -0.42271412181741697 1.8910049674926952 1 CAMERA 1 48
49 1 0.9964115596116967 -0.046038449163382199 -0.041468499201979953 -0.057661327115775568 -1.2577104679459499 -0.40397184406485853 1.7547960275955956 1 CAMERA 1 49
50 1 0.99575496865697577 -0.045582587149933206 -0.05181129679929751 -0.06090861735123726 -1.1952103392199904 -0.38599612090268914 1.6124319262145685 1 CAMERA 1 50
51 1 0.99497347127763791 -0.045224956090148156 -0.062306417927005607 -0.064034405482341045 -1.1249670212983203 -0.37254622562560524 1.4726738234391177 1 CAMERA 1 51
52 1 0.99404014847491462 -0.044537532769683717 -0.073244970325725453 -0.067348093638519749 -1.0451393431249689 -0.36012300837352756 1.3435258786870778 1 CAMERA 1 52
53 1 0.99293164311541349 -0.044487309675918886 -0.0846998974927472 -0.070239296285213471 -0.95521085976923981 -0.34850388686916345 1.2221629380324956 1 CAMERA 1 53
54 1 0.99168848922620789 -0.043790195956410184 -0.096479048989770277 -0.072994192785248851 -0.85674776760281357 -0.33412748375815748 1.1142817517587587 1 CAMERA 1 54
55 1 0.99030409078658377 -0.042775707604481919 -0.10851054855345195 -0.075455334224444656 -0.7533814790508746 -0.32183506071753543 1.0343490325414109 1 CAMERA 1 55
56 1 0.98873301737962682 -0.041753794289938466 -0.12106083649028093 -0.077510740378644777 -0.65218906655529407 -0.31127005363535137 0.96836089510749601 1 CAMERA 1 56
57 1 0.98689939691105011 -0.04093358280483627 -0.13431904972469089 -0.079450708344364546 -0.55736600613306453 -0.30315517082235277 0.90442796593476826 1 CAMERA 1 57
58 1 0.9847585908781088 -0.039904988126591191 -0.14828445637280224 -0.081669024805006318 -0.47031498557989748 -0.2903777629653263 0.83455326311261502 1 CAMERA 1 58
59 1 0.98231952906861519 -0.038734058299366582 -0.16265101751906882 -0.084217943682371121 -0.38859262404607364 -0.27849359270320578 0.77359681110556544 1 CAMERA 1 59
60 1 0.97952985339493859 -0.03787958583225387 -0.17756950308739461 -0.086922234546534305 -0.3084916686283547 -0.27003369743719546 0.70097755220526936 1 CAMERA 1 60
61 1 0.97647303863832524 -0.036802189552746112 -0.19246295083240042 -0.090022309531830227 -0.22654945654250819 -0.26262401833518773 0.62150969554652635 1 CAMERA 1 61
62 1 0.97323433777513002 -0.035873182494390497 -0.20691298839992792 -0.093354452408760141 -0.14322178567536492 -0.25699112032289545 0.53497513760950288 1 CAMERA 1 62
63 1 0.96977952842373283 -0.034958716496576406 -0.2211799279757671 -0.096876177937555749 -0.053938986541735151 -0.25505355995322948 0.44637123553851604 1 CAMERA 1 63
64 1 0.96618211637760543 -0.033696248368200149 -0.23491116437345541 -0.10086340114584388 0.03955838887049444 -0.25312550547182389 0.36011979973964287 1 CAMERA 1 64
65 1 0.96240740702659078 -0.032442228865160731 -0.24843885919919334 -0.10486952811192607 0.13928856998708797 -0.24404866898246913 0.27768144582570553 1 CAMERA 1 65
66 1 0.95837933935848385 -0.03152515614287927 -0.26216819232737304 -0.10854973676965206 0.24936148866082711 -0.22853720127358809 0.19380859749744464 1 CAMERA 1 66
67 1 0.95402740226301264 -0.030529801819589222 -0.27603472218343694 -0.11271414765351075 0.36533971096602463 -0.20784584881759982 0.12371219707410955 1 CAMERA 1 67
68 1 0.94951661447677271 -0.029753780399859708 -0.28966448917295651 -0.11673643431531879 0.4729563968593084 -0.18242418525864165 0.082299210396673872 1 CAMERA 1 68
69 1 0.94486484343185173 -0.028721602171183486 -0.30301741675221938 -0.12077227479862412 0.56776276823647842 -0.15639579680057419 0.064705866835243916 1 CAMERA 1 69
70 1 0.93989450280498443 -0.027700710887536357 -0.31659037169507914 -0.12490608777504766 0.65265058230400108 -0.13789684259733281 0.055744508283896786 1 CAMERA 1 70
71 1 0.93455517857383608 -0.02690543687127649 -0.33048278258820973 -0.12908852032750714 0.73718187167503413 -0.12775615523010678 0.056110721166629428 1 CAMERA 1 71
72 1 0.92888283505814584 -0.026229148873494715 -0.34443849733130028 -0.13360700595353994 0.8245235243402701 -0.12658355626511897 0.059549345059035107 1 CAMERA 1 72
73 1 0.92289698923144481 -0.025530218089279407 -0.35851819473959529 -0.13810886746516357 0.91404139645588245 -0.13330491562253718 0.072443008717694296 1 CAMERA 1 73
74 1 0.91647058655725777 -0.024544892690811691 -0.37288403911335199 -0.14295700609870376 1.0095844757406753 -0.13885840376294664 0.082362399227363187 1 CAMERA 1 74
75 1 0.90977102069177962 -0.023956227603414749 -0.38738896767844855 -0.14721608875892941 1.1146441221977843 -0.1434744895220815 0.092828222397627114 1 CAMERA 1 75
76 1 0.90273340991349649 -0.022828157567017355 -0.40195093185581066 -0.1516137006615563 1.2261210297809109 -0.14541612706308643 0.12738575091147591 1 CAMERA 1 76
77 1 0.89530995986566375 -0.021490516831058678 -0.41678103555468315 -0.15572990031989203 1.3402994723255601 -0.15084720152061196 0.17368520251274716 1 CAMERA 1 77
78 1 0.88776660329082979 -0.019957275257066049 -0.43142756388104997 -0.15919303492753323 1.4570193981673871 -0.15779695978435798 0.23155156668269863 1 CAMERA 1 78
79 1 0.8800998762135479 -0.018646063815269495 -0.44582379346647738 -0.16222723992059562 1.5748428901363953 -0.16449701955433771 0.28625959986821831 1 CAMERA 1 79
80 1 0.87261749851467652 -0.017366378913969225 -0.45939625637226417 -0.16490054517967462 1.6878040527320415 -0.17419360016276808 0.35241741062185478 1 CAMERA 1 80
81 1 0.86514123115219044 -0.016100768974573718 -0.47240898190131797 -0.1676340335906164 1.7934326619171219 -0.18502068404884117 0.41212841794464072 1 CAMERA 1 81
82 1 0.8576328244692174 -0.015077547450612846 -0.48497271007381881 -0.170411491512406 1.8919146750257887 -0.19394333891095181 0.46689695753877664 1 CAMERA 1 82
83 1 0.84999267249574606 -0.014377796485523417 -0.49722402003731864 -0.17341859637792167 1.9875503274264419 -0.19862856963706871 0.51317427117502112 1 CAMERA 1 83
84 1 0.84213803052257952 -0.013776807530644657 -0.5092604026459463 -0.17682641041061506 2.0752587900352908 -0.20578502315133573 0.5602564901963959 1 CAMERA 1 84
85 1 0.83400247799231664 -0.013040890965327907 -0.52140135493611106 -0.18002896693669451 2.1591982231143585 -0.21998192162408212 0.5972053656075742 1 CAMERA 1 85
86 1 0.82548930043875168 -0.012500206926696096 -0.53361278481717622 -0.18348993315053663 2.2426287213468483 -0.23957840795394905 0.62180990638022415 1 CAMERA 1 86
87 1 0.81647616755888852 -0.01190643068682784 -0.54611445974813344 -0.18703983952798336 2.3207462686232558 -0.25810124255437028 0.64245317673267455 1 CAMERA 1 87
88 1 0.80728646647733215 -0.010838233608408087 -0.55839316815851736 -0.19070438770171663 2.3911004053164149 -0.27765128851920168 0.66666573056827261 1 CAMERA 1 88
89 1 0.79784108855632485 -0.0095066840568540974 -0.57084208211053722 -0.19364539153103671 2.4577592109414965 -0.29463398617220021 0.6921092599794455 1 CAMERA 1 89
90 1 0.78856324859509619 -0.0084504309494132911 -0.58275517359967965 -0.19619633234269451 2.53173814032814 -0.2982879649890306 0.71913907975348013 1 CAMERA 1 90
91 1 0.77927111967578022 -0.007177524061908057 -0.59451065037222695 -0.19809616801338809 2.6161820806886591 -0.2954425181828641 0.74878190343085294 1 CAMERA 1 91
92 1 0.76996202736638386 -0.0053298674351575284 -0.60596620720549965 -0.19983749561069086 2.6975101672700741 -0.29178681731227768 0.79445005716362105 1 CAMERA 1 92
93 1 0.76038244467886473 -0.0032819590977117142 -0.61735020044442313 -0.20170894025775049 2.7722798960777713 -0.29142533853410024 0.8605952264151161 1 CAMERA 1 93
94 1 0.75028579304948828 -0.0013302307720439205 -0.62898468536863716 -0.20358714302703429 2.8447503212965 -0.28563952996294795 0.94240960326643952 1 CAMERA 1 94
95 1 0.73973468762366001 0.00064374860752206323 -0.64079856148729075 -0.20535184710607166 2.9074510123365305 -0.27447016343330527 1.0373816234691418 1 CAMERA 1 95
96 1 0.72320160407607781 0.0035203320456286707 -0.65841108792631931 -0.20847514580821672 2.9928638214824925 -0.27723614283877285 1.1880103579801262 1 CAMERA 1 96
97 1 0.71159494493584485 0.0051369000039411042 -0.67024783137223087 -0.21065158708379866 3.0534314937123375 -0.29091360123064802 1.2930871214206503 1 CAMERA 1 97
98 1 0.6995682935472689 0.0065528819062026164 -0.68204294634721108 -0.21302272587707877 3.114233805404353 -0.31127414958826954 1.4071283581351925 1 CAMERA 1 98
99 1 0.68722303073530422 0.0079083519048845936 -0.69371903838944937 -0.21544340271437754 3.1763940047064585 -0.3321328080688849 1.5338485026821356 1 CAMERA 1 99
100 1 0.67480894019332505 0.0090533366735646732 -0.70501756585195563 -0.21794761565665319 3.238629630550049 -0.35418779988355942 1.6681276726894771 1 CAMERA 1 100
101 1 0.66232582537462747 0.010119955713681973 -0.71590815713179079 -0.22067532279422344 3.2996737598862773 -0.37666621150971907 1.8154859678329978 1 CAMERA 1 101
102 1 0.65042198729392142 0.011095070274589806 -0.7259687367137827 -0.22315360443968305 3.3622209216846635 -0.39602176420391888 1.9651965786768455 1 CAMERA 1 102
103 1 0.63951422838570093 0.011916467350142731 -0.73484041449389192 -0.22558615809614671 3.4283353835848294 -0.41433691739204476 2.121983107100514 1 CAMERA 1 103
104 1 0.63009025030854515 0.012364317873382855 -0.74227887003462145 -0.22771798174445193 3.4955131824433092 -0.42990633981819137 2.2628291063537427 1 CAMERA 1 104
105 1 0.62139820156312708 0.012765074064085613 -0.7489277575696085 -0.22980109207749161 3.5592450304158643 -0.44573862785523682 2.4012190525221286 1 CAMERA 1 105
106 1 0.6134471646418227 0.012922110767646001 -0.75478788951204268 -0.23197162992955378 3.6142062478335886 -0.46703168681962243 2.5340793979599945 1 CAMERA 1 106
107 1 0.60618751058599596 0.012993362649395353 -0.75999176515095468 -0.23405211265731116 3.6599251680191336 -0.48899139205016579 2.6658388836450611 1 CAMERA 1 107
108 1 0.59931507765391512 0.01270386930726256 -0.76486482800339617 -0.23588523541044454 3.6953163123794255 -0.51324926367642298 2.7915693302410771 1 CAMERA 1 108
109 1 0.59273841917704773 0.012167958678177245 -0.76945328536086988 -0.23760208092620874 3.7212507185470445 -0.53415973979232279 2.9180142305099395 1 CAMERA 1 109
110 1 0.58706721789642524 0.011744140675210638 -0.77328818278641276 -0.23924786977952317 3.744455626426177 -0.55361899651392343 3.0429277556519851 1 CAMERA 1 110
111 1 0.58197567067477451 0.011133308167307966 -0.77659650348994824 -0.24099427163126727 3.7689210128784132 -0.58228219946312576 3.1691773480325911 1 CAMERA 1 111
112 1 0.5772643143448023 0.010746800874286753 -0.77961060104417512 -0.24260611780112606 3.7956320655996723 -0.6173513178398069 3.3015079445368762 1 CAMERA 1 112
113 1 0.57293109429953115 0.010292612573734511 -0.78242927817897501 -0.24382052407350185 3.8251288580221305 -0.65344145314385549 3.4380471591176072 1 CAMERA 1 113
114 1 0.56909372099638411 0.010117636145809726 -0.78493947961062616 -0.24474473132206598 3.8573800967085012 -0.68047869480063206 3.5801673866153676 1 CAMERA 1 114
115 1 0.56556737728357209 0.010176367577056113 -0.78742536271914454 -0.2449311769500612 3.8931974507234473 -0.69347105793344255 3.7120002289883645 1 CAMERA 1 115
116 1 0.56214785925902966 0.010131482936585081 -0.78962703798352019 -0.24571584863286314 3.9315987925175646 -0.70604922576677609 3.8545776637929166 1 CAMERA 1 116
117 1 0.55836999787749098 0.0098748698658178442 -0.79226097677649321 -0.24586170318408834 3.9715311879811939 -0.71002263442529234 4.0000168880114542 1 CAMERA 1 117
118 1 0.55416723515614064 0.0096164279979570749 -0.79521991537522885 -0.24582816352601433 4.0112000066824205 -0.70930249277353596 4.1447417285986115 1 CAMERA 1 118
119 1 0.54927016076783908 0.0092414348236971866 -0.79853483547012749 -0.24608738877311026 4.0431684982200062 -0.71943754426901541 4.307102988124119 1 CAMERA 1 119
120 1 0.54374706351620472 0.0085224361305059389 -0.80243453950726074 -0.24569352617779022 4.0669215128609943 -0.72655459982947423 4.4575363150349281 1 CAMERA 1 120
121 1 0.5376666642714083 0.0076889943347411907 -0.80678100224638483 -0.24486700862242716 4.0882978535163348 -0.73420946699759526 4.6034871352226148 1 CAMERA 1 121
122 1 0.53116627549096296 0.0067777408696510421 -0.81135955645296109 -0.24395106099834199 4.1091620739184913 -0.74303126497977579 4.7552087644425898 1 CAMERA 1 122
123 1 0.5244895272475687 0.005760909354970682 -0.81604166747188711 -0.24280351043740681 4.1327049807078273 -0.74772802756983614 4.9051688736929249 1 CAMERA 1 123
124 1 0.51777107477157303 0.0049223586350848909 -0.82073078391463439 -0.24143294069001311 4.1594164868177712 -0.7453756231410128 5.0670556815426062 1 CAMERA 1 124
125 1 0.51085836072315072 0.0051581945106367088 -0.82585801904069278 -0.23865385120468627 4.1819814801091217 -0.71892537226937736 5.2300796401973804 1 CAMERA 1 125
126 1 0.50393102196990713 0.0063926856641535008 -0.83105170131023876 -0.23529923165136421 4.194288275068617 -0.68632965227882436 5.4192266688070205 1 CAMERA 1 126
127 1 -0.49674899259063388 -0.009341022163516623 0.83621723733781228 0.23215063136732575 4.1928643092736291 -0.64985082546873263 5.5822791843297042 1 CAMERA 1 127
128 1 -0.49005340776136475 -0.013740667068994619 0.84072574242119791 0.22986752193447899 4.1761129124800256 -0.62970082727023402 5.7440390496812501 1 CAMERA 1 128
129 1 -0.48401928073287798 -0.020222680299615881 0.84416087727255951 0.22958395493315673 4.1506457037962381 -0.63492219574469055 5.8866943524851854 1 CAMERA 1 129
130 1 -0.47859438132272297 -0.029627565336321125 0.84646412213523625 0.23144786772918466 4.120872786807432 -0.67723294150690483 6.0176762140740809 1 CAMERA 1 130
