# Frame list with one line of data per frame:
#   FRAME_ID, RIG_ID, RIG_FROM_WORLD[QW, QX, QY, QZ, TX, TY, TZ], NUM_DATA_IDS, DATA_IDS[] as (SENSOR_TYPE, SENSOR_ID, DATA_ID)
# Number of frames: 87
1 1 0.99991900402113409 -0.0047004044455863786 0.0095849167497068163 0.0069297161797920821 -1.8921626394235436 -0.74980202098137283 3.7329850902247124 1 CAMERA 1 1
2 1 0.99993952045701673 -0.0024480628784606657 0.0088308425557929275 0.0060810061741051087 -1.8991090183522965 -0.75684103416752113 3.7049874520668284 1 CAMERA 1 2
3 1 0.9997116878526271 -0.0062120206452838875 0.023135805636760182 0.0016390448109051112 -1.9732660389046048 -0.76946272484878608 3.7918357782742453 1 CAMERA 1 3
4 1 0.99971632309037006 -0.0055082187940979806 0.023111284291682192 0.0016737415500359132 -1.9734137050856639 -0.7748775739990057 3.7906560657109383 1 CAMERA 1 4
5 1 0.99971563537255081 -0.0037236380889547156 0.023140441207754305 0.004393505633340216 -1.9688411450557972 -0.79942973728127298 3.7879344009172407 1 CAMERA 1 5
6 1 0.99992578470040516 0.0035282322160796746 0.0095156984625325344 0.0067400409107587567 -1.8925382614906905 -0.78951009818909212 3.6742201901458769 1 CAMERA 1 6
7 1 0.99993344615144919 0.004611527525119603 0.0088274500133711728 0.0058235047723398849 -1.898987195696523 -0.79393243632632182 3.6699334174738603 1 CAMERA 1 7
8 1 0.99992699446369648 0.0054580699537583703 0.0089529956439056181 0.0060049216630219107 -1.8977604379925348 -0.81123060611184261 3.664540563745434 1 CAMERA 1 8
9 1 0.99992228766309499 0.0059255166122590746 0.0090164582225385499 0.0062458280957704716 -1.8969092973302804 -0.81555791413861312 3.664028506300038 1 CAMERA 1 9
10 1 0.99990867747790568 0.0063774351751793449 0.0097597102294521548 0.0068346968630154737 -1.8904903829540016 -0.81857110872704186 3.6670291462011009 1 CAMERA 1 10
11 1 0.99990830673654119 0.0063507909728987679 0.0098311843069612721 0.0068112692212377044 -1.8900035940959543 -0.81828468731565129 3.6673439817075129 1 CAMERA 1 11
12 1 0.99990746525841279 0.0061618454360807583 0.010021256239481739 0.0068313252521339319 -1.8885754902609366 -0.81946585638230329 3.6672519973858835 1 CAMERA 1 12
13 1 0.99990287273148659 0.0067775715415687816 0.010081849261466007 0.0068312475279797393 -1.8881197154005613 -0.81359132045828075 3.6712388067037338 1 CAMERA 1 13
14 1 0.99990717974066978 0.0062300230051388315 0.010070227581141634 0.0067386373162059846 -1.8883670872204719 -0.81711748952740848 3.6684470934443456 1 CAMERA 1 14
15 1 0.99990823590153066 0.0061752721069029959 0.010021166938372822 0.0067053712714356334 -1.8887822180624827 -0.81659101219851038 3.6683506094972866 1 CAMERA 1 15
16 1 0.99991769516552409 0.0051341845401475144 0.010526893984911429 0.0052371315626146848 -1.8871650791887737 -0.80477422104218821 3.6758297090861576 1 CAMERA 1 16
17 1 0.99991080385826758 0.0045695409858204101 0.011562521118251864 0.0048797262302390449 -1.8801099154176937 -0.79927986653744654 3.6806384392560001 1 CAMERA 1 17
18 1 0.99988809968922898 0.0034024846580491745 0.013843584539660267 0.0045350154473455424 -1.8640978268313328 -0.78795818571830722 3.6872241668971721 1 CAMERA 1 18
19 1 0.99996205557334561 0.0019600816045511082 0.0070337594790811269 0.004750970555945355 -1.8036485957004595 -0.78416244427038551 3.6190034354054972 1 CAMERA 1 19
20 1 0.99997328296806909 0.00058795152706981083 0.0056532736643599172 0.00459653782098124 -1.7561753672812721 -0.77133405384296316 3.5914349615147088 1 CAMERA 1 20
21 1 0.99997839139943034 -0.00043663968886376373 0.0051385457227532891 0.0040769385382980394 -1.7241085854352267 -0.75746905915285045 3.5665397668705396 1 CAMERA 1 21
22 1 0.99998354458097471 -0.0016737618152993005 0.0043485211649929084 0.0033465582817572958 -1.6907026615860759 -0.7457703116576565 3.5394248265151553 1 CAMERA 1 22
23 1 0.99998850309228704 -0.0044549782298429685 0.0016262865257120013 0.00070855088379188284 -1.6161681094378308 -0.71118315102721341 3.4614645706262874 1 CAMERA 1 23
24 1 0.99998284126376791 -0.0058463206336408337 0.0001712247262420459 -0.00032923423858608857 -1.5859363148871133 -0.69102144295305556 3.4003928215788553 1 CAMERA 1 24
25 1 0.99995827544478966 -0.0082019194987438936 -0.0031329019969903913 -0.0025220648476000792 -1.5454810786007227 -0.65763599563716546 3.2640107694591549 1 CAMERA 1 25
26 1 0.99992187770219254 -0.0096009072781500053 -0.006568903397590347 -0.0045728087769974467 -1.5148403418924195 -0.63297496734461878 3.1107507028597006 1 CAMERA 1 26
27 1 0.99990735927769803 -0.0096927465414971652 -0.0079310336831914258 -0.005331250462973002 -1.5034801582164032 -0.62610849382572709 3.0547293622611438 1 CAMERA 1 27
28 1 0.99980488275183677 -0.0098601735453965559 -0.014975487372632091 -0.0082890398233345149 -1.4559857432059755 -0.581592805772431 2.7999200159001636 1 CAMERA 1 28
29 1 0.99972440038071109 -0.0099261389864568131 -0.019139139963382564 -0.0092891533366212461 -1.4381670587195734 -0.54959172853642402 2.6582412261373558 1 CAMERA 1 29
30 1 0.99931588427570373 -0.0080857191855622061 -0.034020248882421979 -0.012041895427997528 -1.3941454453061619 -0.49633827436609518 2.3388513692225352 1 CAMERA 1 30
31 1 0.99882371911838441 -0.0067476445673000122 -0.045979948148009306 -0.013838055774518134 -1.3560459426690055 -0.46642770856756116 2.1432358443492801 1 CAMERA 1 31
32 1 0.99861166456708839 -0.0060122183158465422 -0.050244689030359523 -0.014631057573337679 -1.3400165536333359 -0.45688638733566361 2.0782855634625674 1 CAMERA 1 32
33 1 0.997760495787955 -0.0043303907804399444 -0.064397597578909532 -0.01755534638587471 -1.2754898240490495 -0.42734223747067207 1.8793147793242673 1 CAMERA 1 33
34 1 0.99653844677113423 -0.0033698739638703453 -0.080203023742829213 -0.021615805304225459 -1.1864213569616888 -0.39700800580751217 1.6690103685223825 1 CAMERA 1 34
35 1 0.99503502314385106 -0.0029287666016064003 -0.09611355326299488 -0.025669240784849771 -1.0815998506176061 -0.37146110915696018 1.4516567806235701 1 CAMERA 1 35
36 1 0.99311774083937976 -0.0025385028782500961 -0.11327292935584915 -0.029663990095204085 -0.95346796422435265 -0.35280729285447943 1.2599824909702619 1 CAMERA 1 36
37 1 0.99081352992529492 -0.0019440794927027411 -0.13108116858391569 -0.033203865958320845 -0.80547551878796653 -0.32775658775719391 1.0858563779105503 1 CAMERA 1 37
38 1 0.98705409294647661 -0.0012520454721307208 -0.15611449094738761 -0.03675480507338167 -0.5950585808846921 -0.30592599034318718 0.93958245395266249 1 CAMERA 1 38
39 1 0.98209674458531404 -0.00023640684412238382 -0.18402896637907018 -0.040240128232695072 -0.40574825804792386 -0.28127071882083959 0.80474669632276497 1 CAMERA 1 39
40 1 0.98068623205590821 0.00011378000819837756 -0.19117819951516246 -0.041296456751587461 -0.3635749716466109 -0.27413826799028185 0.77445865159519911 1 CAMERA 1 40
41 1 0.97591635505580532 0.00081836374859714815 -0.21347730614231686 -0.044878034466606272 -0.24010360129987557 -0.25679879464195038 0.67211229671311956 1 CAMERA 1 41
42 1 0.96872167513614604 0.0015241004105590085 -0.24294164629914114 -0.050550467186969907 -0.070994714149446969 -0.24229538276323248 0.50774082739246973 1 CAMERA 1 42
43 1 0.96484324515283615 0.0017989522362623191 -0.25726131934136476 -0.053766993820896621 0.019686785095823882 -0.23995349909874381 0.41879631455409994 1 CAMERA 1 43
44 1 0.95869901318048667 0.0028058805616999654 -0.27811343475500044 -0.059508373946957162 0.16499652932853995 -0.23337748976479006 0.29220338479347008 1 CAMERA 1 44
45 1 0.95214700497552696 0.0031423351900866782 -0.29867392462324266 -0.064808127544597499 0.32819083937978211 -0.2114158252369949 0.16812682411377761 1 CAMERA 1 45
46 1 0.94499634707006397 0.0033835185935655225 -0.31940108478939949 -0.070380415326403892 0.50096047587024117 -0.17679157871240594 0.076515342383162502 1 CAMERA 1 46
47 1 0.93216083758374491 0.0038813581957751471 -0.35315107900913062 -0.079658165484864846 0.73520605970445674 -0.11577944298200188 0.039365686295587919 1 CAMERA 1 47
48 1 0.92345754657234813 0.0037181110488798243 -0.37401581849779408 -0.085583309367149293 0.86440573521026998 -0.10346018096980286 0.045278354803363133 1 CAMERA 1 48
49 1 0.91728589905947577 0.003553451257906474 -0.38795718797489409 -0.089795170635284402 0.95349339657714405 -0.10787512937663615 0.056264513043176111 1 CAMERA 1 49
50 1 0.90385122371873272 0.0032937401453690335 -0.41641521453078167 -0.098185975400192943 1.1457588787828763 -0.12251456563590803 0.080677049443622195 1 CAMERA 1 50
51 1 0.8928510919720537 0.0032905677694092007 -0.43809839099500208 -0.10428758092724472 1.3111970453516448 -0.12667210735654896 0.12324884374679039 1 CAMERA 1 51
52 1 0.88504379671594158 0.0036835907812920571 -0.45275453695469847 -0.10815377164261841 1.4251683679547262 -0.13270578167289723 0.17141870387395428 1 CAMERA 1 52
53 1 0.86898626934915801 0.0046164361317090202 -0.48145353270885805 -0.11421054260546651 1.6593968844635825 -0.14806385775419137 0.28647441158252585 1 CAMERA 1 53
54 1 0.85719639947705306 0.0051669601198111644 -0.5012526088969359 -0.11804006659059556 1.8254875641847585 -0.16481008207056758 0.38351999392570379 1 CAMERA 1 54
55 1 0.84546780102013419 0.0054524823409685761 -0.51991127980251239 -0.12184715429017619 1.9749329510433529 -0.18089162814515461 0.47137947796925933 1 CAMERA 1 55
56 1 0.83352306945149501 0.004966616344188675 -0.53784125488252255 -0.12625929653154763 2.1146003678516365 -0.19066498061025688 0.54458225760675594 1 CAMERA 1 56
57 1 0.82101485197862101 0.004654095542115406 -0.55568804054155752 -0.13085776180377112 2.2404881979628377 -0.21051231585674857 0.60579400672501538 1 CAMERA 1 57
58 1 0.80771578083257045 0.0040055439009511048 -0.57370604444604523 -0.13579597776871483 2.3624029335715746 -0.24180295471384811 0.64186095852883773 1 CAMERA 1 58
59 1 0.79364945310973001 0.0038863163540471422 -0.5918127400778771 -0.140936591435077 2.4691965406542802 -0.27282100648733948 0.67679972064170679 1 CAMERA 1 59
60 1 0.78397269619911025 0.0041833921903777953 -0.6039093770076549 -0.14374552238697766 2.5342090733033769 -0.2916332533328263 0.70254405582120272 1 CAMERA 1 60
61 1 0.76488174604417958 0.0045281794310167225 -0.6269023926877243 -0.14808376076347532 2.6904740568951744 -0.29368826031593837 0.76148292250563865 1 CAMERA 1 61
62 1 0.76006570423377251 0.0048389157831106103 -0.63250428603616837 -0.14904710090283629 2.7315588226880956 -0.29177928734750624 0.78148980623239084 1 CAMERA 1 62
63 1 0.73499257669349427 0.0074612988660988609 -0.66037201640492371 -0.1537499306470872 2.9156416040549145 -0.28536185064926656 0.95857787526511185 1 CAMERA 1 63
64 1 0.72413706805372924 0.008391183345799207 -0.67182335047268604 -0.15559074674369491 2.9770619780155698 -0.27422716872290698 1.0555014915730545 1 CAMERA 1 64
65 1 0.70721132604045989 0.0096925886574420281 -0.68887123731328426 -0.15879109687786958 3.0603517329350249 -0.27805575356815937 1.2080635729364335 1 CAMERA 1 65
66 1 0.68925516746558391 0.010423063000182795 -0.70602924681737411 -0.16230026653759877 3.1489199007893505 -0.30344811841838953 1.3697576062521517 1 CAMERA 1 66
67 1 0.66424446805156689 0.010719065322938544 -0.72849005501277819 -0.1672322578002616 3.2698092119146644 -0.35058039217926951 1.6211804174254549 1 CAMERA 1 67
68 1 0.63922024034707781 0.010563270237267025 -0.74934681914717027 -0.17252607422223645 3.3899585710685409 -0.39771234303981312 1.9112986979279407 1 CAMERA 1 68
69 1 0.62234650578471851 0.010242697199725575 -0.76257288597366224 -0.17624558851053837 3.4858864846327751 -0.42830056889914342 2.145001751737369 1 CAMERA 1 69
70 1 0.61279512549434489 0.0098231009970290752 -0.76977876729735417 -0.1783992440436282 3.5523195277243858 -0.44540273229199867 2.2867019926440286 1 CAMERA 1 70
71 1 0.60404827896809588 0.0093451971114121516 -0.77619453667447413 -0.18044496447207653 3.6151196391279985 -0.46300844212135267 2.4254610221125703 1 CAMERA 1 71
72 1 0.59231977800952795 0.0084854632467626298 -0.78444652703860385 -0.18365435935284627 3.6932690731656859 -0.49717988420892661 2.6227250574442311 1 CAMERA 1 72
73 1 0.58180003300095429 0.0072364109408682067 -0.79163446122407399 -0.18647046886639618 3.7493734138139727 -0.53524816034275846 2.8176709568655758 1 CAMERA 1 73
74 1 0.56950652050983819 0.0051391880273569104 -0.79978598280777424 -0.18967944945986981 3.7974501338520081 -0.57800493712669754 3.0717381143544 1 CAMERA 1 74
75 1 0.55961864426800301 0.0032896215532021576 -0.80595453385565563 -0.19301150415245247 3.8478032810608815 -0.64539808595802817 3.3322615610043012 1 CAMERA 1 75
76 1 0.55321045509457423 0.0021739749728555383 -0.80995408151863268 -0.19475074335719442 3.8928475808980449 -0.70013891224932279 3.5409034228727703 1 CAMERA 1 76
77 1 0.55121565667285888 0.0019494535517867926 -0.81122789086877201 -0.19510717194957838 3.9093196263563152 -0.71258844107248942 3.6134677460249014 1 CAMERA 1 77
78 1 0.54597128823862884 0.0015090079649368326 -0.81460473014287771 -0.19578613061926362 3.9635264214648225 -0.73405458684844627 3.8153605583287669 1 CAMERA 1 78
79 1 0.53798226468732802 0.00048446439606440235 -0.81978090677613635 -0.19630107758603435 4.0428920657221612 -0.74425761298678361 4.1116831953708211 1 CAMERA 1 79
80 1 0.53074108162144451 -0.00063619218981871267 -0.82442800481815481 -0.19655015749256879 4.0940032468851921 -0.75511672014263298 4.3507161448414378 1 CAMERA 1 80
81 1 0.51876480356114285 -0.0031550184145802559 -0.83231462589508465 -0.1952574914468021 4.1384048189809253 -0.77102185374071797 4.6545315312342872 1 CAMERA 1 81
82 1 0.50865050411669566 -0.0053756731810303462 -0.83886584262398156 -0.19377787510043465 4.1698219874833606 -0.78400712172854858 4.8870147048139758 1 CAMERA 1 82
83 1 0.50523469074449212 -0.0061284555511496898 -0.84107857244420126 -0.1930988976563551 4.181719817475293 -0.78521680911681735 4.9635157734824311 1 CAMERA 1 83
84 1 0.48779086814537104 -0.0075410380721783873 -0.85259563294271301 -0.18730693629920295 4.2381180971963435 -0.73846833704538084 5.390571190476332 1 CAMERA 1 84
85 1 -0.48051489146559645 0.0060775068303458146 0.85743741434447729 0.18403690790923041 4.241787255899216 -0.70152418957172002 5.5678508474616279 1 CAMERA 1 85
86 1 -0.46688687793310468 -0.0022210533537369453 0.86566239737664996 0.18066633306731295 4.2094859436963414 -0.66347777999587632 5.883953553823809 1 CAMERA 1 86
87 1 -0.46400883778357205 -0.0055434377841962219 0.86710371562607647 0.18109725316449163 4.1963942114001664 -0.67225156732350677 5.9510171923750859 1 CAMERA 1 87
