# Frame list with one line of data per frame:
#   FRAME_ID, RIG_ID, RIG_FROM_WORLD[QW, QX, QY, QZ, TX, TY, TZ], NUM_DATA_IDS, DATA_IDS[] as (SENSOR_TYPE, SENSOR_ID, DATA_ID)
# Number of frames: 50
1 1 0.99172975627993065 -0.12448867718347277 0.01921822055241957 -0.024603246957609879 -0.066534728550747699 -1.1852887752604604 5.5627449891967728 1 CAMERA 1 1
2 1 0.99175753411498646 -0.12426160777038425 0.019244936691755806 -0.024610541891860845 -0.065773858035631669 -1.1585112428241497 5.4097268817569484 1 CAMERA 1 2
3 1 0.99177488688971793 -0.12412010904414125 0.01928310199815703 -0.024595411016821639 -0.064874904858203158 -1.1330262295769749 5.2585771478532566 1 CAMERA 1 3
4 1 0.99180402684976754 -0.12387027705930519 0.019330620825026932 -0.024642521874914475 -0.063714312811283577 -1.0942738515044512 5.0300653224346608 1 CAMERA 1 4
5 1 0.99185630886590859 -0.12344460746288284 0.019382891357440746 -0.024633208760858085 -0.062140119624344882 -1.0552979698064182 4.7990151216684716 1 CAMERA 1 5
6 1 0.99194397539587364 -0.12270735844991247 0.01947746000730298 -0.024711989190250982 -0.059983666952591538 -1.0042441194612808 4.4917441048405351 1 CAMERA 1 6
7 1 0.99199259440871446 -0.12229551671777035 0.019563179763730412 -0.024734211661854924 -0.05843407053031964 -0.97914265030336234 4.3386565356269218 1 CAMERA 1 7
8 1 0.99215470310079812 -0.12093097301242869 0.019757074331819065 -0.024787151814627269 -0.055770950327379831 -0.92767504899692432 4.030231865873783 1 CAMERA 1 8
9 1 0.99238976808438428 -0.11892850203050838 0.01999599673271947 -0.024874077286734839 -0.052911750671980229 -0.87613844163002386 3.7216421834863711 1 CAMERA 1 9
10 1 0.99253343086994272 -0.11770928072157218 0.020049971010979696 -0.024898042091895202 -0.051221987920994659 -0.85094824039497108 3.5668054634226176 1 CAMERA 1 10
11 1 0.99269528337710167 -0.11629031644593826 0.020256947496966739 -0.024945796035895772 -0.049709904894275389 -0.82605514433262117 3.4135507396254692 1 CAMERA 1 11
12 1 0.99308309085767088 -0.11285862246745078 0.020549094225049639 -0.025032792769773229 -0.046411107178191593 -0.7767543365611731 3.1070706349493116 1 CAMERA 1 12
13 1 0.99355446082349741 -0.10855388647779993 0.020899122588678633 -0.025076159660474426 -0.043431737814608788 -0.72828115260624748 2.8023299139207327 1 CAMERA 1 13
14 1 0.99380820555597327 -0.10615740065884459 0.021109840129648942 -0.025104412055943281 -0.042263336149655495 -0.70297936117299076 2.6504220674399961 1 CAMERA 1 14
15 1 0.99407782086587737 -0.10359719929009784 0.021228557702016447 -0.025025081412227632 -0.040455997373905345 -0.67712744046711837 2.5009524163360974 1 CAMERA 1 15
16 1 0.99468474901728476 -0.097564860420762012 0.021492113633561561 -0.024928640858666772 -0.03770942915645828 -0.62354447540633218 2.2047626431584768 1 CAMERA 1 16
17 1 0.99537292708975356 -0.090292291826162163 0.021670772265363077 -0.024706591893219072 -0.033790778370071876 -0.56485047715363856 1.9102285071005545 1 CAMERA 1 17
18 1 0.99591009044072509 -0.084175762537312113 0.021810628370108841 -0.024532208414857842 -0.030450473008467985 -0.51629160819601749 1.6893158018940215 1 CAMERA 1 18
19 1 0.99609583242110733 -0.081976840298939507 0.021859119830246999 -0.024394039602951553 -0.02913132852495481 -0.49911592265945498 1.615625827893284 1 CAMERA 1 19
20 1 0.99684615482853389 -0.072239662688262901 0.02221764524023986 -0.024198160637361105 -0.025049825336658518 -0.4260967447756665 1.3205026227240217 1 CAMERA 1 20
21 1 0.99759043232816635 -0.061114833640030675 0.022615399425114081 -0.023808614938638728 -0.020789175440837592 -0.34352487226965239 1.0249765406792306 1 CAMERA 1 21
22 1 0.99812950787144639 -0.051646542014756075 0.022848119649241182 -0.023411186273151665 -0.017182961454062284 -0.27335007984494814 0.80433056660739166 1 CAMERA 1 22
23 1 0.99830062798335395 -0.048222601808244454 0.022968287484155515 -0.023300098989705913 -0.016320610736966418 -0.24818287994163762 0.73076579965021526 1 CAMERA 1 23
24 1 0.99890228501316403 -0.033507190831699292 0.023504132226185828 -0.022782645288502892 -0.012349918970643275 -0.13836031384731756 0.43766414357323191 1 CAMERA 1 24
25 1 0.9993145404087147 -0.01724309988672083 0.024032111762534628 -0.022261680939433152 -0.0071617815967232245 -0.012589392153931338 0.14792305483697901 1 CAMERA 1 25
26 1 0.99938081823003955 -0.012866855271108972 0.024158248886383155 -0.022108894138616931 -0.0057250612114975443 0.022039955155142042 0.076542628013038572 1 CAMERA 1 26
27 1 0.9994606725612184 0.00053409758072496419 0.024608791012118419 -0.021736746494663631 -0.0013301085976908412 0.13325973801937485 -0.1374379282108191 1 CAMERA 1 27
28 1 0.9992768289852173 0.018421673622362585 0.025368063069862702 -0.021515630836292533 0.0036388067330885799 0.29455808996449362 -0.41485524939107449 1 CAMERA 1 28
29 1 0.99878711271738274 0.035890415602052715 0.026141882647447066 -0.021278710234256287 0.0078498679777637068 0.47465419254521934 -0.68197986009082789 1 CAMERA 1 29
30 1 0.99844812962210872 0.044254454918936315 0.026462087481888198 -0.021038859285653001 0.01031837980092911 0.57210829042859523 -0.81338329182960922 1 CAMERA 1 30
31 1 0.99805219144586399 0.052312971725165351 0.026817222948160642 -0.020880916951592471 0.012291746916715394 0.67286971010743934 -0.94134855550844487 1 CAMERA 1 31
32 1 0.99712825786167281 0.067546108223439524 0.027455453523010813 -0.020468480878138254 0.016399166879014732 0.88679094565504868 -1.1933282440947168 1 CAMERA 1 32
33 1 0.99609668281553876 0.081235737828570534 0.027998622879007871 -0.020204714801422049 0.02031960169199774 1.1117647437006761 -1.4389879254659348 1 CAMERA 1 33
34 1 0.99556745365383859 0.087451645399175965 0.028173136617921517 -0.020097992817610644 0.022747853189601763 1.2274295211071109 -1.5617926817638976 1 CAMERA 1 34
35 1 0.9950312524167364 0.093319195377070063 0.028405201530738423 -0.019936875737072163 0.024119516519733285 1.3445153028388594 -1.6819556301572574 1 CAMERA 1 35
36 1 0.99396133470800341 0.10421842840285504 0.028524390451056952 -0.019124419889742259 0.027841227900001656 1.5833094900638778 -1.9232286094248905 1 CAMERA 1 36
37 1 0.99302026150598399 0.11288525392098674 0.028784429232533389 -0.018415654197956544 0.028949371812302064 1.8190752932230945 -2.1663918086723388 1 CAMERA 1 37
38 1 0.99261498195726028 0.11644322226594675 0.028877427210972358 -0.017960172047785748 0.029130620143135159 1.9370621608001439 -2.2907817929973087 1 CAMERA 1 38
39 1 0.99195239014378156 0.12199234704647645 0.029276195433141354 -0.017065384000705241 0.025555872281860185 2.1674086602932103 -2.5445143736630942 1 CAMERA 1 39
40 1 0.99168380411309309 0.12415188929330112 0.029548090841424835 -0.016626826886551774 0.022510777227322608 2.2810263257309695 -2.6726795653925688 1 CAMERA 1 40
41 1 0.99123421008892787 0.12763701458346499 0.030190550052906308 -0.015876521820055368 0.014600480847543925 2.5098075044090034 -2.9331852457551024 1 CAMERA 1 41
42 1 0.99097045720250965 0.12959509832042362 0.030734122382333234 -0.015429749335500948 0.0077680110042473646 2.680169793115986 -3.1320233812171745 1 CAMERA 1 42
43 1 0.99089307786728087 0.13016483813961438 0.030906579759155554 -0.015257997063368252 0.0055940428945148247 2.7366233966827527 -3.198214204007257 1 CAMERA 1 43
44 1 0.99070325260452652 0.13148402177673726 0.031679001219683194 -0.014678493722098757 -0.0044392965894449214 2.9580547263526791 -3.4685769792368233 1 CAMERA 1 44
45 1 0.9907305823851571 0.13111257828611234 0.032498297477521629 -0.014361949832746065 -0.01413312783479064 3.1713525476941924 -3.7481717080015557 1 CAMERA 1 45
46 1 0.99089084080404932 0.12980568748187921 0.032884664965976591 -0.014297689256536896 -0.018687490283925339 3.2696452087922547 -3.8968093931342676 1 CAMERA 1 46
47 1 0.99114531995717869 0.12776039787524576 0.033264574645426627 -0.014202236985755682 -0.023947798890348211 3.3618898840703708 -4.0492625955608244 1 CAMERA 1 47
48 1 0.99193350822551019 0.12129097306095302 0.034008535927888876 -0.014136286549179972 -0.035563807769059937 3.5296705824478019 -4.3704519319336423 1 CAMERA 1 48
49 1 0.99250983719718655 0.11637067784338848 0.034387333078934525 -0.014127976812088241 -0.04309337207698688 3.5962658837058767 -4.5454250923053312 1 CAMERA 1 49
50 1 0.9992908202651728 -0.010252267813793445 0.034575040051596964 -0.010831165397263469 -0.14229001246168624 3.5660269209694797 -7.6738605857374091 1 CAMERA 1 50
