# Frame list with one line of data per frame:
#   FRAME_ID, RIG_ID, RIG_FROM_WORLD[QW, QX, QY, QZ, TX, TY, TZ], NUM_DATA_IDS, DATA_IDS[] as (SENSOR_TYPE, SENSOR_ID, DATA_ID)
# Number of frames: 13
107 1 0.99911446437768059 -0.041745196782234879 -0.0036452357627182693 -0.0037865384122080506 0.44756677409055751 -5.5329389203020165 -2.5414563737917217 1 CAMERA 1 107
108 1 0.99932192649501761 -0.036487458473606724 -0.0030839771734118919 -0.0038524907809529066 0.35329234107436241 -4.161389385232531 -1.9227099711378712 1 CAMERA 1 108
109 1 0.9993722424263547 -0.03510132600664824 -0.0029196583662414021 -0.0038070428574923133 0.32055803729147964 -3.7917786870863477 -1.7652209702228234 1 CAMERA 1 109
110 1 0.99950502783384165 -0.031148285117841321 -0.0022704824029897968 -0.0037853109181452535 0.1962217582067296 -2.762265649072059 -1.2937739031629782 1 CAMERA 1 110
111 1 0.9995897089007636 -0.028313360580005689 -0.0019684298556635134 -0.0038591134029304351 0.1355888801741762 -2.0094058553318899 -0.96398131103874307 1 CAMERA 1 111
112 1 0.99972212033828278 -0.023211234079014296 -0.0015563551088710805 -0.0038076866510151591 0.074206789218935379 -0.66793037034848568 -0.29919659234593049 1 CAMERA 1 112
113 1 0.99977818418468656 -0.020686945944443227 -0.00094295316728981574 -0.0038397311347182906 -0.045689306691663968 -0.0072951286739188674 0.031285571277427933 1 CAMERA 1 113
114 1 0.99980624354302228 -0.019293932650894505 -0.00091276058008681667 -0.0037929412567252931 -0.043277580657102112 0.36030952385932508 0.20882378383183384 1 CAMERA 1 114
115 1 0.99989476708846858 -0.013983414184304091 -0.00033166604502885509 -0.0038482300453527335 -0.14218286860668666 1.7630827555217885 0.9101954031601186 1 CAMERA 1 115
116 1 0.99994056290682332 -0.010201215242105464 -0.00012715354830901884 -0.0038457370093060174 -0.16487313023061995 2.7657563910882796 1.4436591941729988 1 CAMERA 1 116
117 1 0.99996259934831488 -0.0077479453093844798 0.00035879021262450893 -0.0038262929354179478 -0.25927633370621972 3.4161425931108869 1.8058876040416141 1 CAMERA 1 117
118 1 0.99998823342902265 -0.0026819012393489035 0.0010656409559137764 -0.0038993356611240894 -0.38458148902972883 4.7594996908464564 2.5271401592929581 1 CAMERA 1 118
127 1 0.99973873866450857 0.022228103863706151 0.0035010777420184016 -0.0040135105289752218 -0.74364780626005733 11.358943996215512 6.5845393306912783 1 CAMERA 1 127
