# Frame list with one line of data per frame:
#   FRAME_ID, RIG_ID, RIG_FROM_WORLD[QW, QX, QY, QZ, TX, TY, TZ], NUM_DATA_IDS, DATA_IDS[] as (SENSOR_TYPE, SENSOR_ID, DATA_ID)
# Number of frames: 87
1 1 0.99815036256741207 0.025157298061397205 -0.055070903836112337 0.0054917767131885441 -1.91773630787977 -0.74271904023305835 3.6621357247879778 1 CAMERA 1 1
2 1 0.99812550924165111 0.026363665496918692 -0.054966674891646118 0.0053934769877532832 -1.9169610775096793 -0.75146592204182616 3.66075694116704 1 CAMERA 1 2
3 1 0.99809244651530593 0.027757977072852907 -0.054905249527242586 0.0051358049286743595 -1.9166912076349054 -0.76107506098725619 3.6589126461909331 1 CAMERA 1 3
4 1 0.99807012492757985 0.02843963280191342 -0.054970899361571408 0.005041154284242985 -1.9172244615753211 -0.76587268853116441 3.6576319627911125 1 CAMERA 1 4
5 1 0.99801749267401973 0.030012318466675503 -0.055122153550496815 0.004679021785934755 -1.9186465160129487 -0.77643499408746475 3.6546587642046879 1 CAMERA 1 5
6 1 0.99800299700293726 0.030922915582951811 -0.054885494182097504 0.0046231800085822826 -1.9168801996444895 -0.78310106631906473 3.6541630646791625 1 CAMERA 1 6
7 1 0.99798410306664986 0.031726916754281465 -0.054762052487047484 0.0047170315800518789 -1.9157425828854335 -0.79310888934967771 3.6524099710536815 1 CAMERA 1 7
8 1 0.99794215923957463 0.033388752032766096 -0.054524687017853929 0.0048679107998088021 -1.9135913887072222 -0.80702814422664038 3.6505019071517726 1 CAMERA 1 8
9 1 0.99793476497993727 0.033719351227702796 -0.054446706420632172 0.0049765808710172353 -1.9128262252990296 -0.80988921868037622 3.6502843991151273 1 CAMERA 1 9
10 1 0.99785310548608142 0.033868580082888525 -0.055817052508026391 0.0051532324097201439 -1.8998613796739718 -0.81052060291958805 3.6497348846905613 1 CAMERA 1 10
11 1 0.99786964446226678 0.033847117498390769 -0.055531294710742286 0.0051788614142613135 -1.8977532925435761 -0.81020407599481858 3.6507953344461566 1 CAMERA 1 11
12 1 0.99778955832154315 0.034260190260259851 -0.056706270584193037 0.005160963501434487 -1.8848080098376905 -0.80737074280687537 3.6510309588224716 1 CAMERA 1 12
13 1 0.99777169688305356 0.034074853865291035 -0.05711640957223553 0.0053161067284019795 -1.8792991137882176 -0.80732366463187444 3.6537152205651742 1 CAMERA 1 13
14 1 0.99769695606045006 0.034182350581913303 -0.058372250851666717 0.0050031097247336702 -1.8744235487353449 -0.80702098939685152 3.6454205510665578 1 CAMERA 1 14
15 1 0.99769543993725918 0.034015117230845507 -0.058504576448364369 0.0048985163843906871 -1.875557974077585 -0.80540906598351958 3.6451945313575735 1 CAMERA 1 15
16 1 0.99773483311097888 0.033147174014587229 -0.05837823872828423 0.0042952176705305873 -1.8755202198488417 -0.79701991251474424 3.646591472571632 1 CAMERA 1 16
17 1 0.99784435808920779 0.031571938745230545 -0.057386993115326308 0.0040721903916259711 -1.8686801565185065 -0.79787769999214564 3.6491387309486867 1 CAMERA 1 17
18 1 0.99769777969345175 0.032178356180915697 -0.059587674855415704 0.0036059386539345965 -1.8353281967413706 -0.78041627880746289 3.6054134188383906 1 CAMERA 1 18
19 1 0.99769980565726946 0.030883077044538354 -0.060240804615149156 0.003518352317142372 -1.801929276733367 -0.77139853788477031 3.5814472391047656 1 CAMERA 1 19
20 1 0.99774435502467751 0.028522770589940707 -0.060673075949206873 0.0033810396515982781 -1.7589357584782717 -0.76366698614228579 3.5605260709332485 1 CAMERA 1 20
21 1 0.99774195516301256 0.027834578412767794 -0.061058092216605152 0.0028524598053602688 -1.7272414400699592 -0.74746706934410978 3.5364664325431372 1 CAMERA 1 21
22 1 0.99774913094939521 0.026806536415715621 -0.061430382625989939 0.0020950860469154909 -1.6959496430201344 -0.73452239618529203 3.509048519836433 1 CAMERA 1 22
23 1 0.99770450531095722 0.023494120762495942 -0.063510105641154099 -0.00046136023336348149 -1.6242587766390895 -0.70166007086798488 3.4347838224344898 1 CAMERA 1 23
24 1 0.99767568903183823 0.021755263609914269 -0.064558452724668647 -0.0014608907922229557 -1.5960527289275588 -0.68284377883491809 3.3758299572373538 1 CAMERA 1 24
25 1 0.99751050243250783 0.019096542877594918 -0.067790975682647067 -0.0035359868445705702 -1.5565158391506468 -0.65018405822345782 3.2389515164165745 1 CAMERA 1 25
26 1 0.99729345964239469 0.017184266102936593 -0.071276655603490141 -0.0054858653818803142 -1.5257997202940172 -0.62719151025656228 3.0860060873788444 1 CAMERA 1 26
27 1 0.9972080625447044 0.016861151942209711 -0.07247792573334598 -0.0062234903719822635 -1.5153959591713959 -0.62105491483773212 3.0305440141184516 1 CAMERA 1 27
28 1 0.99665633617463534 0.016017655145619418 -0.079604466292854226 -0.0090945716126910065 -1.4678567560639124 -0.57823067223358826 2.7763230123290166 1 CAMERA 1 28
29 1 0.99630873503773343 0.015747358308563948 -0.08378636417330515 -0.010038444721741695 -1.4501093056516832 -0.5469052813416001 2.6334384227947343 1 CAMERA 1 29
30 1 0.99490496119486449 0.016430510916327495 -0.098665854762732666 -0.012617670340167902 -1.4063815077237913 -0.49798302538105399 2.3159337893650251 1 CAMERA 1 30
31 1 0.99368030634406168 0.016966796214440267 -0.11004826513036577 -0.014175893339971955 -1.3706435964611403 -0.47123250961596014 2.1237250463431785 1 CAMERA 1 31
32 1 0.9931828018175779 0.017553407960981048 -0.11426383750797384 -0.014952440626621336 -1.3548628536637495 -0.46167173643490805 2.0591286696294309 1 CAMERA 1 32
33 1 0.99144587046071242 0.018310039098479031 -0.12801149163972061 -0.017688595839866639 -1.292086859401244 -0.43501295154097808 1.8637733985627105 1 CAMERA 1 33
34 1 0.98925445976083481 0.018392778766902013 -0.14343071138487573 -0.02156271235626785 -1.2049222138234601 -0.40666787499750268 1.6567004757060875 1 CAMERA 1 34
35 1 0.98675741339237522 0.0180109576091247 -0.15917767605414548 -0.025453486346529778 -1.1011334105239963 -0.38255001376482134 1.443041964871173 1 CAMERA 1 35
36 1 0.98379369106503667 0.017534780036046332 -0.17603212540088062 -0.029243729867570296 -0.97467898973429856 -0.36558647459831112 1.2546161467990382 1 CAMERA 1 36
37 1 0.98041517812299173 0.017268517683002322 -0.19346464884564557 -0.032546988341860907 -0.82847604155450139 -0.34264707826249458 1.0838865688716297 1 CAMERA 1 37
38 1 0.97522072887023581 0.017673097134837178 -0.21761666079755645 -0.035709670437991684 -0.6218845852364473 -0.32020465451020058 0.93968570853260591 1 CAMERA 1 38
39 1 0.96875550960645596 0.017800078836719226 -0.24438939133094936 -0.03833725610200172 -0.43754459135698254 -0.29931630526011621 0.80817516485578933 1 CAMERA 1 39
40 1 0.96687471607418685 0.018003199772930398 -0.25155943020221277 -0.039332191532313814 -0.39515571979326919 -0.29234810303787562 0.77725036003372272 1 CAMERA 1 40
41 1 0.96079846672657154 0.018328869304382926 -0.27337907874370038 -0.042358448875491859 -0.27320476798941495 -0.27583158722391288 0.67452848819192945 1 CAMERA 1 41
42 1 0.95184078254072169 0.018395751242963342 -0.30237471812739619 -0.047225531927669574 -0.10499459767420966 -0.26261698107699133 0.50952575333473715 1 CAMERA 1 42
43 1 0.94709469273503877 0.018322336094997952 -0.31649970164041613 -0.050038723551587269 -0.014389962675389856 -0.26067487320283073 0.4206341246196551 1 CAMERA 1 43
44 1 0.93970593905486488 0.018746203356541629 -0.33697948273088418 -0.055191993832037933 0.13057825040234747 -0.25475060339849587 0.2939126582593416 1 CAMERA 1 44
45 1 0.93190950627088298 0.018617836499729222 -0.35721819598910309 -0.059943379453607892 0.2941789079438617 -0.23334654088769133 0.168696606906378 1 CAMERA 1 45
46 1 0.9235169633066791 0.018282574866458848 -0.37758079377440429 -0.064922339096439921 0.46731464044254967 -0.20003835905429115 0.075608058583355786 1 CAMERA 1 46
47 1 0.90861647345988938 0.017935898837940865 -0.41075137517878596 -0.073332908567202662 0.7025311591381378 -0.14035162342098104 0.035248349616185143 1 CAMERA 1 47
48 1 0.89864214785014407 0.01725095159721575 -0.43123824146110412 -0.078601996652788816 0.83259010568204639 -0.12855711035159392 0.039643520360492998 1 CAMERA 1 48
49 1 0.89161238448659652 0.016692056757651723 -0.4449215719763242 -0.082422847933334653 0.92224511247245033 -0.13286799768413937 0.050100545802584662 1 CAMERA 1 49
50 1 0.87641889682897356 0.015652407901604631 -0.47280486568759394 -0.090002657683555767 1.1159000573308144 -0.14718262714269262 0.074042572064858758 1 CAMERA 1 50
51 1 0.86405660219736635 0.015064998287758327 -0.49401630791986118 -0.09553596984885275 1.2827406993262354 -0.15112440589784523 0.11645444770531138 1 CAMERA 1 51
52 1 0.85532156312993524 0.015065215257256343 -0.50831599254019955 -0.099060156784089734 1.3976555575610157 -0.15692324425537912 0.1647014779463509 1 CAMERA 1 52
53 1 0.83745092762889528 0.015339750577012996 -0.53623440117055987 -0.10437098671081477 1.6339541891880027 -0.17171358671027506 0.28015694979629496 1 CAMERA 1 53
54 1 0.82438511422063077 0.015477059939955655 -0.5554696899557926 -0.10771753621146553 1.8018224873749922 -0.1876301647413976 0.37799698740290411 1 CAMERA 1 54
55 1 0.81146688472171125 0.01533708194180612 -0.57355558517433547 -0.11099666496285873 1.9527750482479616 -0.20322885842557592 0.46605886332020152 1 CAMERA 1 55
56 1 0.79836103420742577 0.014417967243523223 -0.59093450559429006 -0.11492689579835588 2.0940207039198961 -0.21244190379664132 0.53951296521262748 1 CAMERA 1 56
57 1 0.78469055457110537 0.013635940970668722 -0.60819906502484078 -0.11903231487140453 2.2214302877899779 -0.23152379805057213 0.60112764523531825 1 CAMERA 1 57
58 1 0.77019189664412224 0.012478648764778354 -0.62562481330466846 -0.12345978554263765 2.3450632506367719 -0.26193893308882787 0.63830971533112846 1 CAMERA 1 58
59 1 0.75489548749280766 0.011817358246282637 -0.6431056283910882 -0.12809490129891568 2.4535764717147504 -0.29209199390305707 0.67422158270655708 1 CAMERA 1 59
60 1 0.74436426333809746 0.011801993444403271 -0.65477451970118861 -0.13058669444452389 2.5198695851122825 -0.31017685850361848 0.70085871045435255 1 CAMERA 1 60
61 1 0.7237048711471199 0.011610748268630355 -0.67682782051963497 -0.13424064724670437 2.6783176420810695 -0.31166898437860652 0.76018735425822703 1 CAMERA 1 61
62 1 0.71851948849837655 0.011798376863927675 -0.68216681461731443 -0.13505176780136796 2.7197884293867562 -0.30957347431888116 0.7800182451043266 1 CAMERA 1 62
63 1 0.69147345145881711 0.013761157185304537 -0.70876964886640381 -0.13899885368716883 2.9067036449870871 -0.30250756046202815 0.95825168755730528 1 CAMERA 1 63
64 1 0.67978868707854057 0.014421640076606486 -0.71967253138248244 -0.14053755651449418 2.9692242671326214 -0.29142415651381587 1.0554092184178394 1 CAMERA 1 64
65 1 0.66162466444989332 0.015261753340948696 -0.73586557347180404 -0.14325411008253586 3.0541259785500041 -0.2947980725633767 1.2087344769565773 1 CAMERA 1 65
66 1 0.64238552903733892 0.01553514324754751 -0.75212030844045885 -0.14633705285786444 3.1444016951825611 -0.31915507624387218 1.3723539427318605 1 CAMERA 1 66
67 1 0.61570761898538351 0.01516067513427129 -0.77328705120175478 -0.15066989844198389 3.2673321915536326 -0.36484509603305715 1.6267199886084078 1 CAMERA 1 67
68 1 0.58912298420337705 0.014335296463329527 -0.79282539764010651 -0.15542360700814711 3.3893496036052908 -0.41065789355660759 1.9197189818979132 1 CAMERA 1 68
69 1 0.57128485420370156 0.013597023561000501 -0.80511936186509736 -0.15884441903219504 3.4863555588633277 -0.44014193028032639 2.1551312015500881 1 CAMERA 1 69
70 1 0.56123263805089396 0.012949130011547344 -0.81177358309492897 -0.16085364716909237 3.5533034256010128 -0.45661191297740672 2.2976224294191883 1 CAMERA 1 70
71 1 0.55203842933933756 0.012262791184365286 -0.8176860046874842 -0.16276607208858179 3.6166362830290346 -0.4735532981932265 2.4372514977932616 1 CAMERA 1 71
72 1 0.53978025504664284 0.011089139305520268 -0.82524312584225135 -0.16579532713968162 3.6952971827449015 -0.50671271058532108 2.6353951120725001 1 CAMERA 1 72
73 1 0.52883524701811457 0.009529761756214946 -0.83178653511280953 -0.16844472433764898 3.7516947400457066 -0.54405200875024817 2.8307946185531971 1 CAMERA 1 73
74 1 0.51606110259069615 0.0071092841309683338 -0.83919479621007109 -0.17141321561057507 3.8001679512151298 -0.58599353312611602 3.0847405345050438 1 CAMERA 1 74
75 1 0.5059272182996456 0.0049125515541404664 -0.84471721926119958 -0.17454608590408779 3.8506790126055326 -0.65216932937960681 3.3453398779852614 1 CAMERA 1 75
76 1 0.49936977067461957 0.0035992495662061719 -0.84828043118852714 -0.17617374265634633 3.8959307079447205 -0.70585485119708113 3.5543607746380923 1 CAMERA 1 76
77 1 0.497325235433419 0.0033387725802838542 -0.84940623404076532 -0.17653756645948229 3.912455666312082 -0.71796816345511849 3.626694445864203 1 CAMERA 1 77
78 1 0.49194879944602943 0.0027726432459590803 -0.85242619154915977 -0.17705445245470797 3.9670254828119522 -0.73896585364139367 3.8289281443072016 1 CAMERA 1 78
79 1 0.48373339508043955 0.0016410436652412501 -0.85704546338477938 -0.1774045747753113 4.0469456717239431 -0.74878828753439253 4.1247352428712984 1 CAMERA 1 79
80 1 -0.4762857404461735 -0.00042616134493560313 0.86119701717795671 0.17745819067582785 4.0984818884351872 -0.75939398011286918 4.3632717416907258 1 CAMERA 1 80
81 1 -0.46394075774238208 0.0021363487945206122 0.86824838443889141 0.17578154692261522 4.143312670635301 -0.77486512400452989 4.6656329503405303 1 CAMERA 1 81
82 1 -0.45350447021524937 0.0043548130273702683 0.87407842448288686 0.1740736595576621 4.1750092804492436 -0.78756428014339686 4.8964511915614093 1 CAMERA 1 82
83 1 -0.44998195105672051 0.0051021605463283364 0.87605517707730785 0.17325570235058249 4.1871325403056234 -0.78870908050684174 4.9727744774953697 1 CAMERA 1 83
84 1 -0.43173077003091515 0.0063162405215662519 0.88636516062218007 0.16710909415529679 4.2442929650693335 -0.74239070181024891 5.3984722088535335 1 CAMERA 1 84
85 1 -0.42408775508139246 0.0047330355705370673 0.89067421794982815 0.1637883141245883 4.2480549265179519 -0.70564018493199421 5.5747210209750255 1 CAMERA 1 85
86 1 -0.40955687025147497 -0.0035671032195333124 0.89802876149197031 0.16060756313958463 4.2159316454057674 -0.6664309706324838 5.8923295681123795 1 CAMERA 1 86
87 1 -0.406445987982475 -0.0067993105359946274 0.89932603361251284 0.16114624878032438 4.2028784426381209 -0.67443498933429469 5.9605183211400874 1 CAMERA 1 87
