# Frame list with one line of data per frame:
#   FRAME_ID, RIG_ID, RIG_FROM_WORLD[QW, QX, QY, QZ, TX, TY, TZ], NUM_DATA_IDS, DATA_IDS[] as (SENSOR_TYPE, SENSOR_ID, DATA_ID)
# Number of frames: 87
1 1 0.99931997617209523 -0.033600345361777202 -0.013845567757870148 0.0062371683025701395 -1.9073784240268532 -0.71639065002143254 3.6612676910045931 1 CAMERA 1 1
2 1 0.99934464417752844 -0.032829165396168182 -0.013859092015335002 0.0063603161549342533 -1.9070877280118073 -0.72764031013627006 3.6565791171556539 1 CAMERA 1 2
3 1 0.9993899079746501 -0.031495516133017466 -0.013769474122702305 0.0061843256964263533 -1.906800545792779 -0.73687511057522992 3.6532952918446933 1 CAMERA 1 3
4 1 0.99940492763163191 -0.030902163629981862 -0.014071291091266851 0.006070063889547072 -1.9061382187980676 -0.74131012918375627 3.6547256101523256 1 CAMERA 1 4
5 1 0.99939282419185349 -0.03131776822521054 -0.014059951507529285 0.0059580291060896667 -1.9073065223677965 -0.76150329281882556 3.6626095778415206 1 CAMERA 1 5
6 1 0.99942852834685614 -0.030149222886224278 -0.014088059167471611 0.0059302339488475266 -1.9047816859239965 -0.76688412781363868 3.6568410603469124 1 CAMERA 1 6
7 1 0.99945295448215699 -0.029340891670384461 -0.013997232508324541 0.0060812280817330883 -1.9034504990090182 -0.77661452040508405 3.6564054856820372 1 CAMERA 1 7
8 1 0.99948642954527189 -0.028239653484832948 -0.013779758888608043 0.0062862843455161414 -1.9014222284180944 -0.79129007070898072 3.6546408554191783 1 CAMERA 1 8
9 1 0.99949808377401705 -0.027773722553489155 -0.013741334626531269 0.0065860906668154893 -1.9005672095116899 -0.79582045316159489 3.6541260651161447 1 CAMERA 1 9
10 1 0.9995126467294011 -0.027500329805336725 -0.013190199733403459 0.0066497759043521905 -1.8964561860483247 -0.79560005471332729 3.6565181769333686 1 CAMERA 1 10
11 1 0.99950947774653687 -0.0277295248444842 -0.012952582156842127 0.0066413825529616638 -1.8942658073108345 -0.79597585313708052 3.6587714386661201 1 CAMERA 1 11
12 1 0.99951613576086273 -0.027738998947970529 -0.012367697228583241 0.0067143396026185425 -1.8891780947160173 -0.79613476930814542 3.6639788006216585 1 CAMERA 1 12
13 1 0.99950356599680257 -0.0281170529689872 -0.01241247927434937 0.006926994317769092 -1.8846946308329244 -0.79667027540960766 3.6763234723968963 1 CAMERA 1 13
14 1 0.99951930151315804 -0.027783655745605634 -0.012006979961679475 0.0067131816792295809 -1.8876047565094318 -0.79384641781865728 3.6704180584562289 1 CAMERA 1 14
15 1 0.99950090028055461 -0.028267503172942323 -0.012529579760465884 0.0064736569074039154 -1.8863808020132813 -0.79391035952212241 3.6759619671041945 1 CAMERA 1 15
16 1 0.99948024545744363 -0.02886325058180594 -0.013121650975811239 0.0058287204298567742 -1.882978220904062 -0.78578070282621293 3.671228714626205 1 CAMERA 1 16
17 1 0.99942418355072249 -0.029003417681495114 -0.016811978898881995 0.0052402731100622763 -1.8562813892090528 -0.7793082981704158 3.6438256545477685 1 CAMERA 1 17
18 1 0.99942546190081571 -0.028811560822521693 -0.017174603158230162 0.004865498296019591 -1.8306604490123546 -0.76469818150095026 3.6125637540257407 1 CAMERA 1 18
19 1 0.99934941413500122 -0.031094784607715757 -0.017624250961361141 0.0048216818933570008 -1.7978919850717601 -0.76164175955589097 3.5923545595341211 1 CAMERA 1 19
20 1 0.99931851484247436 -0.031779147142862486 -0.01824530878675109 0.0044385140734064885 -1.754590180231717 -0.74501465254127164 3.5665487638174471 1 CAMERA 1 20
21 1 0.9992979986849716 -0.032329881532115405 -0.018526311148416651 0.0038812858129776565 -1.7234491155657905 -0.72885983375749019 3.5417087769880111 1 CAMERA 1 21
22 1 0.99922848305204248 -0.034381352077996648 -0.018717163108125701 0.0031668741665643501 -1.6926436238878706 -0.72220572553144691 3.5172785674225402 1 CAMERA 1 22
23 1 0.99909251911505303 -0.037200088627577739 -0.020740551122865224 0.00034812865079177432 -1.6209755316638528 -0.68809391168331357 3.4413883727577148 1 CAMERA 1 23
24 1 0.99901383113082398 -0.038706026312807652 -0.021739331058217029 -0.00078116677277143551 -1.5929568354464629 -0.66896231968091313 3.3815276331306978 1 CAMERA 1 24
25 1 0.99883070404724661 -0.041270326007755223 -0.024983553642779113 -0.0031315956114797375 -1.5527092941668255 -0.63741980252928032 3.244481257531155 1 CAMERA 1 25
26 1 0.99866204624941179 -0.042974012499270638 -0.028261626999456672 -0.0053508943172148179 -1.52251382235984 -0.61452875959569142 3.0913543488164188 1 CAMERA 1 26
27 1 0.99861031204029149 -0.043214253010187796 -0.029528143024271772 -0.0061694240494016292 -1.5116386772777877 -0.60823177290583796 3.0358947909875651 1 CAMERA 1 27
28 1 0.99832612565679546 -0.043858468292735112 -0.036481975711054382 -0.0095103647840321919 -1.4643263569700151 -0.56610530912831369 2.7822648756505859 1 CAMERA 1 28
29 1 0.99814571980992628 -0.044218645001585496 -0.040453633889316158 -0.010645983491298482 -1.4472329887970066 -0.53662637422652448 2.6408186613646967 1 CAMERA 1 29
30 1 0.99744133236862564 -0.042938683437759785 -0.055397083026906678 -0.014079102934591459 -1.4026236203178284 -0.48689427498595578 2.3219235598498829 1 CAMERA 1 30
31 1 0.99673590997460126 -0.042165865037648069 -0.066898196074253735 -0.016254136542468881 -1.3660011720118475 -0.46026775309003398 2.1293872328027459 1 CAMERA 1 31
32 1 0.99646115067500651 -0.041624582126152498 -0.070969849699212162 -0.017200284646953584 -1.3507217517650036 -0.45157907259482244 2.0655902437983173 1 CAMERA 1 32
33 1 0.99538001968468937 -0.040452574118535069 -0.084589900801882917 -0.02065803335314163 -1.2880775255929138 -0.4244132055197502 1.8700495910451316 1 CAMERA 1 33
34 1 0.99388117291041544 -0.039859592360123465 -0.099827822857437354 -0.025413240931567854 -1.2012777103852903 -0.3953898249998487 1.6625448448340157 1 CAMERA 1 34
35 1 0.99206358596816324 -0.039996628497040963 -0.11534909397251353 -0.030078191843570738 -1.0978603066342392 -0.37236566657089482 1.4495706082230533 1 CAMERA 1 35
36 1 0.98981583922637162 -0.040186309036116731 -0.13206503282798246 -0.034763372776406273 -0.97168724522969863 -0.35601012594287768 1.261683603195386 1 CAMERA 1 36
37 1 0.98717314471209749 -0.040003083298385804 -0.14954514410037889 -0.039053624183264815 -0.82540755516198028 -0.3328513960447233 1.0900683222276428 1 CAMERA 1 37
38 1 0.98302995145609318 -0.039159232194154736 -0.17385128690372109 -0.043524695474127406 -0.61884747106997096 -0.31076269470031576 0.94520809696348862 1 CAMERA 1 38
39 1 0.97766251160141837 -0.038425114164107051 -0.20103820207036882 -0.04778247920520199 -0.43322963001586351 -0.28919286258998594 0.81263233582441674 1 CAMERA 1 39
40 1 0.9760720876832305 -0.038085224744703869 -0.20835675774934337 -0.04919610555752444 -0.39014888650895779 -0.28233642367134459 0.78178425036110633 1 CAMERA 1 40
41 1 0.97091774124294727 -0.037345699009570806 -0.23035947494447162 -0.05346541693924281 -0.26764826663317837 -0.2661968618059139 0.67908877674555457 1 CAMERA 1 41
42 1 0.96322035226839464 -0.036593169970801989 -0.25937661951889024 -0.059927140215355439 -0.099688934371012297 -0.25306373499517282 0.51478697643240445 1 CAMERA 1 42
43 1 0.95907659938917134 -0.036341386167014544 -0.27352684020346923 -0.063517303499668443 -0.0091563459159872129 -0.25134598387775797 0.42635346557615134 1 CAMERA 1 43
44 1 0.95264374261898188 -0.03534468052309668 -0.29386486665403538 -0.069743052371008668 0.13481662782472836 -0.24562544976422396 0.3000842682572798 1 CAMERA 1 44
45 1 0.94569827968658271 -0.034803990299818045 -0.3141868839564958 -0.075697080569568601 0.29835090991815666 -0.2242631890303938 0.17527725655662896 1 CAMERA 1 45
46 1 0.93811452660757788 -0.034424073151302408 -0.33472804765752578 -0.081934438833099824 0.47187983165029124 -0.19143145258529559 0.082979519519290723 1 CAMERA 1 46
47 1 0.92468710945329335 -0.033533228281270075 -0.36788574236807614 -0.092137683790287431 0.70609055687561351 -0.13301214916889262 0.041779614632727981 1 CAMERA 1 47
48 1 0.91554373495203145 -0.033388514520080993 -0.38847976924900762 -0.098733709402942293 0.83613877908755263 -0.12082100651654218 0.046454723367623074 1 CAMERA 1 48
49 1 0.90902239335829038 -0.033410286672900628 -0.40231060138607661 -0.10348053502941329 0.92620759194692781 -0.1251099301977206 0.057292290138201321 1 CAMERA 1 49
50 1 0.89497959938679883 -0.033270006107443191 -0.43034856775959807 -0.11271527670337421 1.119554738183604 -0.13889068173274441 0.081319219512100097 1 CAMERA 1 50
51 1 0.88351186239151946 -0.032972316638707415 -0.45173232860379869 -0.11940485184084962 1.2859208519349354 -0.14306313297442466 0.12398373805660332 1 CAMERA 1 51
52 1 0.87537820224736274 -0.032320946429884846 -0.46621154876900517 -0.1237543988974019 1.4007820379966531 -0.14857887847111689 0.17240906178391882 1 CAMERA 1 52
53 1 0.85877056744623104 -0.03078756918590736 -0.49449410619612411 -0.13054048034612764 1.6358465852622752 -0.16253355263298033 0.28739997930840844 1 CAMERA 1 53
54 1 0.84650886540522408 -0.029810835709724617 -0.51414390553982914 -0.13487067606006659 1.8036032701082909 -0.17829993491923943 0.38600600795924839 1 CAMERA 1 54
55 1 0.83435177843162578 -0.029107785678976365 -0.53259347391324607 -0.13911879163459795 1.9543394915086045 -0.19361005505196491 0.47474705027349334 1 CAMERA 1 55
56 1 0.82196280959352208 -0.029157024668727317 -0.55025321474039846 -0.14404307420160004 2.0949035000319625 -0.20290782000282637 0.54862197559758841 1 CAMERA 1 56
57 1 0.80902989540557257 -0.028990274138196555 -0.56779257286188523 -0.14913680480793903 2.2217502589867215 -0.22146487195312078 0.61021320102649468 1 CAMERA 1 57
58 1 0.79526731304183695 -0.029143639862169581 -0.58550405781859471 -0.15454949802817541 2.3447310751523749 -0.25108980203670522 0.64735155350253781 1 CAMERA 1 58
59 1 0.78075648829210897 -0.028752373246995137 -0.60326245840867965 -0.16020927968490259 2.452536544517987 -0.28051564492683628 0.68312217270999864 1 CAMERA 1 59
60 1 0.77075891771834149 -0.028113138327307313 -0.61518880489804673 -0.16334955322606123 2.5185041206035703 -0.29838579355212191 0.71006261541674609 1 CAMERA 1 60
61 1 0.75109681475225343 -0.026961020969542698 -0.63783068128720299 -0.16822217519102992 2.6762037786525741 -0.29974543491118766 0.76958895956057694 1 CAMERA 1 61
62 1 0.74616071149610608 -0.02645781426452486 -0.64333629858674701 -0.16930027644594203 2.7175242030290105 -0.29771203038086264 0.78968555028341836 1 CAMERA 1 62
63 1 0.7204075641643628 -0.022789136252110428 -0.67082120740882778 -0.17462103096195153 2.9037477593102907 -0.29051426238163158 0.96820300424255468 1 CAMERA 1 63
64 1 0.70926969638455195 -0.021395660045746296 -0.68209397002743988 -0.1767103267327027 2.9659764910625008 -0.27945173566674625 1.0650626267330501 1 CAMERA 1 64
65 1 0.69190221820574316 -0.019430334303968899 -0.6988471002817519 -0.18029562662082307 3.0503861950349549 -0.28276965924932701 1.2183458194766144 1 CAMERA 1 65
66 1 0.67343062152229072 -0.017971764790837702 -0.71570663191295136 -0.18420703217364798 3.1402507320223476 -0.30656256078553068 1.3818579062448544 1 CAMERA 1 66
67 1 0.64767355285047945 -0.016674179091854535 -0.73773545553079944 -0.18970329027830252 3.2626648378001466 -0.35125467815232853 1.6363345373956373 1 CAMERA 1 67
68 1 0.62186075175538247 -0.015779812512360488 -0.75816281772009686 -0.19552325889783206 3.3842607579083395 -0.39591552295753574 1.9299190857316009 1 CAMERA 1 68
69 1 0.60445081832685221 -0.01536349964661151 -0.77108048300465937 -0.19959473898855318 3.4809527663988797 -0.42489636715978901 2.1659302983624831 1 CAMERA 1 69
70 1 0.5945902977024935 -0.01532134965914364 -0.7780989476561645 -0.20196450623575393 3.5477147203567454 -0.44088005604860081 2.3089347195265657 1 CAMERA 1 70
71 1 0.58555544873501331 -0.015357559556511137 -0.78433622500966971 -0.20421960718497692 3.6107878292916853 -0.4572588248029279 2.4489973338084123 1 CAMERA 1 71
72 1 0.57346290404753508 -0.015689195967282379 -0.79231962118896582 -0.20766262227527033 3.6891250182166697 -0.48977888252986529 2.6480673488781807 1 CAMERA 1 72
73 1 0.56266541159249184 -0.016507781924675068 -0.79921232481929927 -0.21070070619319242 3.7451955920139186 -0.52638648702534718 2.8437663131102897 1 CAMERA 1 73
74 1 0.55001459128733243 -0.018096299114636605 -0.80703586967463281 -0.21412514655661383 3.7933176851560844 -0.56776125546591938 3.0981113667419082 1 CAMERA 1 74
75 1 0.5399040263423015 -0.019591747115406261 -0.81288334684796448 -0.2175786529087568 3.8435584889647734 -0.63263043314064593 3.359170489631873 1 CAMERA 1 75
76 1 0.53332954992326342 -0.020487270230310939 -0.81671663534210326 -0.21934858215323216 3.8885604512177516 -0.68515028083952478 3.5689861698752665 1 CAMERA 1 76
77 1 0.53128828204387202 -0.020622845076997742 -0.81793608054910627 -0.21974537028062074 3.9049821889325624 -0.69698743762179138 3.6414709991294743 1 CAMERA 1 77
78 1 0.52589978193589393 -0.02084117875920137 -0.82123800280465376 -0.22037061368778255 3.9592024096079479 -0.71726697325990496 3.8441897024249054 1 CAMERA 1 78
79 1 0.51765183496217149 -0.021443493079494533 -0.8262927206227062 -0.22094590788419949 4.0385332342611733 -0.72661016597414063 4.1405023036068247 1 CAMERA 1 79
80 1 0.51016331863111708 -0.022212217119736526 -0.83084500312494158 -0.22121615337996159 4.0896380543188835 -0.73692979785605151 4.3796172928531254 1 CAMERA 1 80
81 1 0.49779444765838171 -0.024110117717334071 -0.83858601652119813 -0.21998382440364045 4.1338847385808757 -0.75187008137427169 4.6823037486098968 1 CAMERA 1 81
82 1 0.48733146622869783 -0.025777839423465329 -0.84500294474154314 -0.21866313908879584 4.1649917170793369 -0.76412053863056351 4.913361599650635 1 CAMERA 1 82
83 1 0.48380042386782818 -0.026379002862418375 -0.84720193459099769 -0.21792241761362019 4.1768837928644711 -0.76521234392042592 4.989934099571097 1 CAMERA 1 83
84 1 -0.46550589084183847 0.026635357011140844 0.85874252124152406 0.21249966014134244 4.232802361046244 -0.71886914640520239 5.4159088893816465 1 CAMERA 1 84
85 1 -0.45796887455938173 0.024741277681733707 0.86362070351998965 0.20931234928958842 4.2359487298752603 -0.68234693524391754 5.5926116248920019 1 CAMERA 1 85
86 1 -0.4438427067764818 0.015772958090080565 0.87195057780058816 0.20605109877803429 4.2027373003987689 -0.64222439890020444 5.9131748352141074 1 CAMERA 1 86
87 1 -0.44088295627949797 0.012367670821845226 0.87340567911177425 0.20647464560084192 4.1893905889182612 -0.64956728806385322 5.9823899905337834 1 CAMERA 1 87
